"","hhid","cndurWOR","ageAtRetirement1","gender1","ssIncAtRetire1","debt","portfolioAssetsTotal","paycheck","pensionIncome","gtw","earliestRetire","EarliestSquared","norm","male","d5","d6","d7","d8","d9","d10","d11","d12","cndurExpected"
"1",103720,21585,64,"2.female",0.744835085175788,0.0906125407756433,-0.0906125407756433,0,0.345777455599855,11036,5,25,1,0,1,0,0,0,0,0,0,0,13670.8695117614
"2",105920,9693,73,"2.female",0.128878281622912,0,0.871121718377088,0,0,83800,10,100,1,0,0,0,0,0,0,1,0,0,16308.9659021884
"3",109020,6366,74,"1.male",0.888888888888889,0,0.111111111111111,0,0,5400,10,100,1,1,0,0,0,0,0,1,0,0,15570.2700349125
"4",115060,13215,67,"2.female",0.06957928802589,0,0.606796116504854,0,0.323624595469256,74160,9,81,1,0,0,0,0,0,1,0,0,0,17808.4434873807
"5",121620,12572,71,"2.female",0.0556490491073123,0,0.762359074287305,0.172603155723703,0.00938872088167934,316124,7,49,1,0,0,0,1,0,0,0,0,0,16262.9265166528
"6",121780,13653,64,"2.female",1.31367628607277,0.313676286072773,-0.313676286072773,0,0,3188,5,25,1,0,1,0,0,0,0,0,0,0,13416.5400645564
"7",122850,24756,60,"2.female",0,0,0.898182706058809,0.0784819840245561,0.0233353099166347,573380,5,25,1,0,1,0,0,0,0,0,0,0,13942.0469222919
"8",123020,11320,69,"1.male",0.0451127819548872,0.0006265664160401,0.954887218045113,0,0,319200,8,64,1,1,0,0,0,1,0,0,0,0,16660.6389218269
"9",123180,18990,69,"2.female",0.3375,0.15625,0.53125,0,0.13125,32000,6,36,1,0,0,1,0,0,0,0,0,0,15099.889501926
"10",125430,27729,66,"2.female",0.0147320274747222,0.0093984226314017,0.906947783930264,0.0783201885950141,0,638405,8,64,1,0,0,0,0,1,0,0,0,0,17610.8752426448
"11",128540,499,57,"2.female",0,4,-4,3.2,1.8,2500,1,1,1,0,0,0,0,0,0,0,0,0,284.647563395257
"12",129480,22077,66,"2.female",0,0,1,0,0,600,7,49,1,0,0,0,1,0,0,0,0,0,16828.4165798339
"13",131580,20851,60,"1.male",0,0,0.971286600413526,0,0.0287133995864737,239888,5,25,1,1,1,0,0,0,0,0,0,0,13343.6307607992
"14",135600,6241,71,"2.female",0.480033277870216,0,0.31198003327787,0,0.207986688851913,14424,11,121,1,0,0,0,0,0,0,0,1,0,15407.4819145269
"15",138150,1300,59,"2.female",0,1.66666666666667,1,0,0,3000,4,16,1,0,0,0,0,0,0,0,0,0,11216.533246963
"16",140850,13325,62,"1.male",0,0,0.788135593220339,0.211864406779661,0,236000,7,49,1,1,0,0,1,0,0,0,0,0,16703.5913154982
"17",142510,382,59,"2.female",0,0.00185253797702853,0.896628380881808,0,0.103371619118192,107960,1,1,1,0,0,0,0,0,0,0,0,0,-1262.05809768492
"18",142520,28165,67,"2.female",0.0191360994929119,0.0111041196283821,0.928119332272273,0.0527445682348151,0,1080680,9,81,1,0,0,0,0,0,1,0,0,0,17592.0144194093
"19",142530,31930,63,"2.female",0.0353575359396256,0,0.964642464060374,0,0,518737.98308,6,36,1,0,0,1,0,0,0,0,0,0,15714.5779879166
"20",149960,11295,65,"2.female",0,0.0125881168177241,0.876972138301443,0.104900973481034,0.0181268882175227,238320,6,36,1,0,0,1,0,0,0,0,0,0,15501.8339758997
"21",152390,39883,68,"1.male",0.00491642084562439,0,0.865290068829892,0,0.129793510324484,305100,6,36,1,1,0,1,0,0,0,0,0,0,14627.2591134447
"22",153390,21226,62,"2.female",0.00437744791495244,0.0164565711088438,0.802257841556133,0.193364710528914,0,243064,5,25,1,0,1,0,0,0,0,0,0,0,13700.2281689379
"23",153720,680,52,"1.male",0,0,1,0,0,130000,1,1,1,1,0,0,0,0,0,0,0,0,-1120.68431352454
"24",156580,23339,74,"2.female",0.924714346458569,0,0.0752856535414309,0,0,26565.48633,8,64,1,0,0,0,0,1,0,0,0,0,16651.5527084391
"25",160150,7335,64,"1.male",0.930232558139535,0,0.0697674418604651,0,0,6450,5,25,1,1,1,0,0,0,0,0,0,0,12830.8370621481
"26",161070,32140,65,"1.male",0,0,0.621052631578947,0.378947368421053,0,95000,5,25,1,1,1,0,0,0,0,0,0,0,12764.1806816324
"27",164000,10159,73,"2.female",0.129292929292929,0.00471380471380471,0.709090909090909,0.161616161616162,0,74250,9,81,1,0,0,0,0,0,1,0,0,0,16899.4690080103
"28",164710,19175,63,"2.female",0.0174565454572628,0,0.76820756549941,0.197282876743039,0.0170530123002885,334545,5,25,1,0,1,0,0,0,0,0,0,0,13595.9007965893
"29",164780,16274,65,"2.female",0.0259567311716675,0,0.745751877696692,0.22829139113164,0,131411,6,36,1,0,0,1,0,0,0,0,0,0,15494.7314930976
"30",164910,17733,68,"2.female",0.0551815290570402,0.00344196164277945,0.94481847094296,0,0,290532,9,81,1,0,0,0,0,0,1,0,0,0,17472.5066361538
"31",165700,5252,71,"1.male",1,0,0,0,0,8400,8,64,1,1,0,0,0,1,0,0,0,0,16398.068620716
"32",169560,24385,67,"2.female",0.0532544378698225,0,0.786489151873767,0.16025641025641,0,405600,9,81,1,0,0,0,0,0,1,0,0,0,17596.2212596095
"33",170410,6220,68,"1.male",0.07432830887697,0,0.92567169112303,0,0,211738.1377,8,64,1,1,0,0,0,1,0,0,0,0,16775.4102065475
"34",174590,7304,64,"2.female",0.830754352030948,0,0.169245647969052,0,0,12408,6,36,1,0,0,1,0,0,0,0,0,0,15572.9295847701
"35",176130,7685,65,"2.female",1.32374100719424,0.323741007194245,-0.323741007194245,0,0,695,5,25,1,0,1,0,0,0,0,0,0,0,13300.4884935444
"36",180340,35250,65,"2.female",0.0186457311089303,0,0.98135426889107,0,0,356650,6,36,1,0,0,1,0,0,0,0,0,0,15483.6756362627
"37",181660,7767,64,"2.female",0.569793632434407,0,0,0.426127716564193,0.00407865100140013,16427,7,49,1,0,0,0,1,0,0,0,0,0,17065.154860157
"38",182590,3894,66,"2.female",1,0,0,0,0,5760,6,36,1,0,0,1,0,0,0,0,0,0,15335.966202714
"39",183600,8579,62,"1.male",1.25720164609054,0.257201646090535,-0.257201646090535,0,0,5832,5,25,1,1,1,0,0,0,0,0,0,0,13051.626999391
"40",187580,750,55,"1.male",0,0,1,0,0,50000,3,9,1,1,0,0,0,0,0,0,0,0,7578.99198210017
"41",189630,9668,61,"2.female",0,0,0,0.72972972972973,0.27027027027027,37000,5,25,1,0,1,0,0,0,0,0,0,0,14026.9294909246
"42",201550,11133,64,"2.female",0.0807319698600646,0,0.717617509867241,0.0897021887334051,0.11194833153929,55740,5,25,1,0,1,0,0,0,0,0,0,0,13537.5026028792
"43",202380,35402,65,"2.female",0,0,0.878787878787879,0.121212121212121,0,495000,8,64,1,0,0,0,0,1,0,0,0,0,17729.2009098813
"44",205750,27466,66,"2.female",0,0,0.776357827476038,0.223642172523962,0,313000,8,64,1,0,0,0,0,1,0,0,0,0,17618.5448568761
"45",206080,20014,65,"2.female",0.0287308091030261,0,0.863898899145974,0,0.107370291751,162056,7,49,1,0,0,0,1,0,0,0,0,0,17016.4204571734
"46",210990,14811,61,"1.male",0,0,0.869743208038705,0.130256791961295,0,107480,5,25,1,1,1,0,0,0,0,0,0,0,13214.7714341475
"47",211950,12347,63,"1.male",0.441233140655106,0,0.558766859344894,0,0,31140,5,25,1,1,1,0,0,0,0,0,0,0,12962.4988585726
"48",214520,15122,68,"2.female",0.0396920784803818,0,0.878579587773268,0.0817283337463505,0,342598.44434,8,64,1,0,0,0,0,1,0,0,0,0,17378.7832630017
"49",215050,1200,56,"2.female",0,0,0.0384615384615385,0.538461538461538,0.423076923076923,13000,1,1,1,0,0,0,0,0,0,0,0,0,-670.238476184521
"50",215200,16595,66,"2.female",0.0249517554253987,0,0.839624877272573,0.135423367302028,0,295370,6,36,1,0,0,1,0,0,0,0,0,0,15374.4463092395
"51",217740,14222,68,"2.female",0.0329029622569105,0,0.96709703774309,0,0,323132,5,25,1,0,1,0,0,0,0,0,0,0,12995.3910296604
"52",219040,6379,63,"2.female",0.870492635855764,0,0.129507364144236,0,0,11814,6,36,1,0,0,1,0,0,0,0,0,0,15687.3578945331
"53",220420,9621,65,"1.male",0.0829726359034554,0,0.917027364096545,0,0,109048,6,36,1,1,0,1,0,0,0,0,0,0,14883.3781587348
"54",222410,23480,67,"2.female",0.022688770571152,0,0.93402105517909,0,0.043290174249758,528896,8,64,1,0,0,0,0,1,0,0,0,0,17520.5376514819
"55",225650,8127,80,"2.female",0.262582056892779,0,0.579868708971554,0,0.157549234135667,45700,11,121,1,0,0,0,0,0,0,0,1,0,14338.663949177
"56",225720,12065,64,"2.female",0.0107913669064748,0,0.989208633093525,0,0,444800,8,64,1,0,0,0,0,1,0,0,0,0,17838.576036743
"57",225790,900,58,"2.female",0,0.00198412698412698,0.930555555555556,0,0.0694444444444444,100800,1,1,1,0,0,0,0,0,0,0,0,0,-1169.46982642791
"58",231120,9014,63,"1.male",0,0.00353356890459364,0.0106007067137809,0.989399293286219,0,84900,6,36,1,1,0,1,0,0,0,0,0,0,15166.4776591899
"59",236400,1500,58,"2.female",0,0,0.614950634696756,0.385049365303244,0,177250,1,1,1,0,0,0,0,0,0,0,0,0,-1197.77527471936
"60",240240,11950,63,"2.female",0.00473689474274388,0,0.969805705488191,0,0.025457399769065,329963,6,36,1,0,0,1,0,0,0,0,0,0,15732.9356621881
"61",244400,699,61,"2.female",0.198026209351238,0,0.0242679178126517,0.647144475004045,0.130561397832066,12362,3,9,1,0,0,0,0,0,0,0,0,0,7597.44415304931
"62",245480,38058,70,"1.male",0.0857947809734735,0,0.562587827093247,0.351617391933279,0,142200.01953,8,64,1,1,0,0,0,1,0,0,0,0,16560.9848184514
"63",245510,13194,71,"2.female",0.237336294620472,0,0.331751579181142,0.414689473976428,0.0162226522219579,60286.07324,10,100,1,0,0,0,0,0,0,1,0,0,16568.4560179487
"64",300910,600,60,"2.female",0,0,0.83507113316164,0.164928866838359,0,275573.3479,1,1,1,0,0,0,0,0,0,0,0,0,-1440.11223928116
"65",302370,14127,64,"2.female",0,0.202702702702703,0.202702702702703,0.797297297297297,0,74000,9,81,1,0,0,0,0,0,1,0,0,0,17976.6436048716
"66",309710,49415,70,"2.female",0.813329772536521,0,0.033333969189907,0.153336258273572,0,14999.71387,10,100,1,0,0,0,0,0,0,1,0,0,16641.4136416573
"67",314910,13996,65,"2.female",0,0,1,0,0,68000,8,64,1,0,0,0,0,1,0,0,0,0,17723.2042415706
"68",315680,2800,65,"2.female",1.72883460981163,1.24197888635893,-1.15441937487063,0.206996481059822,0.218588283999172,4831,5,25,1,0,1,0,0,0,0,0,0,0,13446.5830247447
"69",318360,14100,65,"2.female",0.110122358175751,0.020224491859642,0.889877641824249,0,0,98890,8,64,1,0,0,0,0,1,0,0,0,0,17719.6149529951
"70",319950,11937,70,"2.female",0.0930149679258731,0.267284390591589,0.00712758374910905,0.775124732715609,0.124732715609408,112240,9,81,1,0,0,0,0,0,1,0,0,0,17363.230216412
"71",325520,1374,69,"1.male",0.946466809421842,0,0,0.0535331905781585,0,11208,6,36,1,1,0,1,0,0,0,0,0,0,14394.9880609607
"72",326870,15310,68,"2.female",0.135647216633132,0,0.482059020791415,0,0.382293762575453,71568,6,36,1,0,0,1,0,0,0,0,0,0,15393.3812051327
"73",328010,33845,62,"1.male",0.0202147038537043,0,0.0530569654952868,0.831225792759493,0.0955025378915162,56543,7,49,1,1,0,0,1,0,0,0,0,0,16798.697872174
"74",331210,7359,69,"1.male",0.983728115345005,0,0.0162718846549949,0,0,4855,7,49,1,1,0,0,1,0,0,0,0,0,15850.9818942652
"75",338330,18332,70,"2.female",0.0483675650005936,0,0.896355217855871,0,0.0552772171435356,168460,10,100,1,0,0,0,0,0,0,1,0,0,16696.454659939
"76",339140,10807,71,"1.male",0,0,0.10989010989011,0,0.89010989010989,36400,8,64,1,1,0,0,0,1,0,0,0,0,17037.6364188878
"77",348480,219,51,"1.male",0,0,1,0,0,500,1,1,1,1,0,0,0,0,0,0,0,0,-1004.96078841655
"78",348630,23220,68,"1.male",0.0296992514822797,0,0.97030074851772,0,0,447284,5,25,1,1,1,0,0,0,0,0,0,0,12397.2946207527
"79",353300,8310,67,"2.female",0.374732197296737,0.0594994483388458,0.535495035049612,0,0.0897727676536506,84034.39258,7,49,1,0,0,0,1,0,0,0,0,0,16761.6960477694
"80",356440,6115,72,"2.female",0.781134856300663,0,0,0,0.218865143699337,16284,9,81,1,0,0,0,0,0,1,0,0,0,17135.1972373128
"81",358620,21798,64,"1.male",0,0,1,0,0,5000,7,49,1,1,0,0,1,0,0,0,0,0,16461.6628005442
"82",360680,9047,66,"2.female",0.0288322400154351,0,0.964692263168049,0,0.00647549681651553,663424,9,81,1,0,0,0,0,0,1,0,0,0,17709.2282067335
"83",361070,2698,65,"1.male",0.329479768786127,0,0.092485549132948,0.578034682080925,0,34600,7,49,1,1,0,0,1,0,0,0,0,0,16363.7971588834
"84",361510,7335,73,"2.female",0.338028169014085,0.0422535211267606,0.145539906103286,0.0938967136150235,0.422535211267606,42600,8,64,1,0,0,0,0,1,0,0,0,0,17079.174442671
"85",362750,26428,64,"2.female",0.428997020854022,0.124131082423039,0,0.273088381330685,0.297914597815293,40280,8,64,1,0,0,0,0,1,0,0,0,0,18041.6062771443
"86",372030,10734,65,"2.female",0,0,0.597701149425287,0.402298850574713,0,87000,5,25,1,0,1,0,0,0,0,0,0,0,13363.5367676557
"87",372980,33211,67,"2.female",0.0091018977825453,0,0.990291890994725,0.0006062112227292,0,2061987.56,9,81,1,0,0,0,0,0,1,0,0,0,17589.7620550001
"88",377320,11388,64,"2.female",0,0,0.652173913043478,0.347826086956522,0,69000,7,49,1,0,0,0,1,0,0,0,0,0,17077.0714608545
"89",381000,13129,65,"2.female",0.0218413049488526,0,0.847848124596811,0.119804626301723,0.0105059441526127,325530,5,25,1,0,1,0,0,0,0,0,0,0,13356.0132810462
"90",384750,21770,68,"2.female",0.0445037828215398,0,0.927162142115413,0.00494486475794887,0.0233892103050982,242676,5,25,1,0,1,0,0,0,0,0,0,0,13011.2068701634
"91",385170,22785,63,"2.female",0.0196078431372549,0,0.980392156862745,0,0,306000,5,25,1,0,1,0,0,0,0,0,0,0,13574.441991536
"92",387380,15771,68,"2.female",0.0427073697193956,0.0128481858361599,0.955905026210299,0,0.00138760407030527,77832,8,64,1,0,0,0,0,1,0,0,0,0,17375.5878976178
"93",391110,22644,66,"2.female",0.078412580862974,0,0.909368125285879,0,0.0122192938511468,183644,6,36,1,0,0,1,0,0,0,0,0,0,15374.3365412948
"94",394920,15420,65,"2.female",0.0416225069852587,0,0.91338279217651,0.00337219385297235,0.0416225069852587,259475,5,25,1,0,1,0,0,0,0,0,0,0,13370.8270062311
"95",397660,16006,70,"2.female",0.0808823529411765,0,0.663807189542484,0.25531045751634,0,97920,8,64,1,0,0,0,0,1,0,0,0,0,17154.5812157521
"96",400660,31364,64,"2.female",0.849804305283757,0.036692759295499,-0.00611545988258317,0,0.156311154598826,16352,8,64,1,0,0,0,0,1,0,0,0,0,17917.8195709094
"97",402840,3462,72,"2.female",0.954545454545455,0.0227272727272727,0.0454545454545455,0,0,17600,12,144,1,0,0,0,0,0,0,0,0,1,13190.35800285
"98",412830,18776,74,"2.female",0.10620572028339,0,0.89379427971661,0,0,182928,10,100,1,0,0,0,0,0,0,1,0,0,16193.9813583984
"99",415470,15026,74,"2.female",1.47169811320755,0.471698113207547,-0.471698113207547,0,0,10600,10,100,1,0,0,0,0,0,0,1,0,0,16149.4749899635
"100",416230,9076,73,"2.female",0.0437268481236914,0,0.956273151876309,0,0,149016,10,100,1,0,0,0,0,0,0,1,0,0,16311.741297417
"101",418800,17973,80,"2.female",0.288840262582057,0,0.656455142231947,0.0547045951859956,0,45700,12,144,1,0,0,0,0,0,0,0,0,1,12288.9739316531
"102",419770,4887,69,"2.female",1,0,0,0,0,6036,5,25,1,0,1,0,0,0,0,0,0,0,12848.1462911812
"103",433420,9755,64,"2.female",1.07610334774304,0.12063938876043,-0.109882376595959,0,0.0337790288529205,9947,7,49,1,0,0,0,1,0,0,0,0,0,17047.8237360234
"104",438790,15962,65,"2.female",0.429387688941119,0,0.291769664059651,0.0036065972362929,0.275236049762937,24677,5,25,1,0,1,0,0,0,0,0,0,0,13517.5031568302
"105",439840,18425,63,"2.female",0.934897696380026,0.500786950922879,-0.443554156531693,0,0.508656460151667,6989,5,25,1,0,1,0,0,0,0,0,0,0,13891.4669023934
"106",446660,13816,75,"2.female",0.984500929944203,0,0.0154990700557967,0,0,9678,10,100,1,0,0,0,0,0,0,1,0,0,16049.6309947973
"107",453370,7410,68,"2.female",1.27460456942004,0.274604569420035,-0.274604569420035,0,0,9104,8,64,1,0,0,0,0,1,0,0,0,0,17334.489662875
"108",463210,5865,66,"2.female",0.29364278506559,0,0.70635721493441,0,0,19820,7,49,1,0,0,0,1,0,0,0,0,0,16818.845692403
"109",463220,9928,66,"2.female",0.020501138952164,0,0.979498861047836,0,0,702400,5,25,1,0,1,0,0,0,0,0,0,0,13227.2423004492
"110",464400,42869,67,"2.female",0.0317783106200868,0,0.417336935077549,0.280753938143078,0.270130816159286,131788,8,64,1,0,0,0,0,1,0,0,0,0,17688.8157227093
"111",471680,27299,76,"2.female",0.0720961281708945,0,0.927903871829105,0,0,149800,10,100,1,0,0,0,0,0,0,1,0,0,15963.6460639722
"112",474180,10380,65,"2.female",0.687022900763359,0,0.00763358778625954,0.305343511450382,0,13100,6,36,1,0,0,1,0,0,0,0,0,0,15476.9969019539
"113",475650,9358,77,"2.female",0.544324772162386,0.165700082850041,0.455675227837614,0,0,24140,9,81,1,0,0,0,0,0,1,0,0,0,16415.0519510648
"114",477510,5402,68,"2.female",0.988452655889146,0,0.0115473441108545,0,0,10392,9,81,1,0,0,0,0,0,1,0,0,0,17442.0879323692
"115",477870,4818,62,"2.female",0,0,0.0892857142857143,0.910714285714286,0,8960,7,49,1,0,0,0,1,0,0,0,0,0,17336.366005118
"116",481030,15081,63,"2.female",0.15273556231003,0,0.666793313069909,0.180471124620061,0,52640,5,25,1,0,1,0,0,0,0,0,0,0,13579.0312346505
"117",485060,9294,79,"2.female",0.314191660570593,0.0762009266032675,0.0762009266032675,0.60960741282614,0,32808,12,144,1,0,0,0,0,0,0,0,0,1,12431.3235995757
"118",485450,10789,71,"2.female",0.0954731151735237,0,0.805488383609128,0.0990385012173482,0,121165,7,49,1,0,0,0,1,0,0,0,0,0,16251.5868214762
"119",489140,248,62,"2.female",0.591919519714425,0,0.00243387960408892,0.405646600681486,0,12326,3,9,1,0,0,0,0,0,0,0,0,0,7367.90368065447
"120",493850,45107,64,"1.male",0.00540591139921837,0,0.994594088600782,0,0,1025544,6,36,1,1,0,1,0,0,0,0,0,0,15001.6298657916
"121",496480,7476,76,"2.female",0.9375,0,0.0625,0,0,12800,10,100,1,0,0,0,0,0,0,1,0,0,15935.4394011125
"122",501560,22358,80,"2.female",0.253119151590767,0,0.721303805364941,0.0173892701185278,0.00818777292576419,51296,12,144,1,0,0,0,0,0,0,0,0,1,12293.8754477867
"123",502140,16005,68,"2.female",0.957275390625,0,0.042724609375,0,0,16384,9,81,1,0,0,0,0,0,1,0,0,0,17443.1041129512
"124",505230,9369,62,"2.female",0.380480365993138,0,0.619519634006862,0,0,20984,7,49,1,0,0,0,1,0,0,0,0,0,17278.9094399229
"125",506940,16440,66,"2.female",0,0,0.6,0.4,0,50000,7,49,1,0,0,0,1,0,0,0,0,0,16848.2055852592
"126",508030,30503,62,"1.male",0,0.0235507246376812,0.0036231884057971,0.996376811594203,0,55200,5,25,1,1,1,0,0,0,0,0,0,0,13141.8970434581
"127",508070,13217,76,"2.female",0.123636363636364,0,0.818181818181818,0,0.0581818181818182,165000,10,100,1,0,0,0,0,0,0,1,0,0,16001.6408993949
"128",512210,4918,66,"2.female",1,0,0,0,0,10920,6,36,1,0,0,1,0,0,0,0,0,0,15335.966202714
"129",513810,184,62,"2.female",0,0,0.484536082474227,0.123711340206186,0.391752577319588,29100,4,16,1,0,0,0,0,0,0,0,0,0,11142.6226843306
"130",517350,58824,65,"2.female",0.703703703703704,0,0,0,0.296296296296296,5400,6,36,1,0,0,1,0,0,0,0,0,0,15663.3942846638
"131",526120,9791,74,"2.female",0.295347269049225,0,0.704652730950775,0,0,29660,8,64,1,0,0,0,0,1,0,0,0,0,16672.0660728293
"132",527490,6077,59,"2.female",0,0,1,0,0,76000,5,25,1,0,1,0,0,0,0,0,0,0,14037.9751829621
"133",532660,6780,64,"1.male",0,0,0.529661016949153,0,0.470338983050847,18880,5,25,1,1,1,0,0,0,0,0,0,0,13181.8852257514
"134",538740,11755,63,"2.female",0,0,0.944812362030905,0.0551876379690949,0,181200,7,49,1,0,0,0,1,0,0,0,0,0,17178.3174263258
"135",539400,8864,64,"1.male",0.0347826086956522,0,0.965217391304348,0,0,345000,7,49,1,1,0,0,1,0,0,0,0,0,16460.5291086938
"136",545970,12262,66,"2.female",0.0269461077844311,0,0.964071856287425,0.00898203592814371,0,334000,5,25,1,0,1,0,0,0,0,0,0,0,13227.476599345
"137",546500,15610,79,"2.female",0.0378977118631971,0,0.856445465834963,0.041038011904592,0.064618810397248,280228,11,121,1,0,0,0,0,0,0,0,1,0,14400.3708942007
"138",548180,10374,77,"2.female",0.101037018011365,0,0.898962981988635,0,0,124588,9,81,1,0,0,0,0,0,1,0,0,0,16429.5003128508
"139",548590,33973,70,"2.female",0.17910447761194,0,0.82089552238806,0,0,134000,8,64,1,0,0,0,0,1,0,0,0,0,17138.7489490394
"140",552760,16234,71,"2.female",0.145688575008543,0,0.854311424991457,0,0,105348,7,49,1,0,0,0,1,0,0,0,0,0,16245.0504332259
"141",555700,15918,59,"2.female",0,0.0178635226866738,0.991425509110397,0.00857449088960343,0,111960,5,25,1,0,1,0,0,0,0,0,0,0,14038.3993845789
"142",556250,9542,69,"1.male",0.0398308736399871,0,0.904431038816475,0.0392743006930231,0.0164637868505153,445584,10,100,1,1,0,0,0,0,0,1,0,0,16189.7313590659
"143",567210,6914,63,"2.female",0.872318692543412,0,0.127681307456588,0,0,11748,6,36,1,0,0,1,0,0,0,0,0,0,15687.2983766975
"144",567530,2483,74,"1.male",0.285714285714286,0,0.285714285714286,0.142857142857143,0.285714285714286,42000,8,64,1,1,0,0,0,1,0,0,0,0,16276.0779302989
"145",568530,57220,62,"2.female",0.945626477541371,0.0985027580772262,-0.0985027580772262,0,0.152876280535855,15228,7,49,1,0,0,0,1,0,0,0,0,0,17364.7370186858
"146",570930,17415,68,"2.female",0,0.0434782608695652,1,0,0,2300,5,25,1,0,1,0,0,0,0,0,0,0,12996.4634569902
"147",574170,11144,66,"2.female",0.932157394843962,0,0.067842605156038,0,0,2948,6,36,1,0,0,1,0,0,0,0,0,0,15338.1774402107
"148",576300,400,53,"1.male",0,0,0.902974103810924,0,0.0970258961890761,176860,2,4,1,1,0,0,0,0,0,0,0,0,3693.57475173553
"149",577700,7245,75,"2.female",1,0,0,0,0,4320,10,100,1,0,0,0,0,0,0,1,0,0,16049.1258236767
"150",580930,43417,65,"2.female",0,0,0.582298136645963,0,0.417701863354037,30912,8,64,1,0,0,0,0,1,0,0,0,0,18008.0390011889
"151",584590,6861,66,"2.female",1,0,0,0,0,6828,7,49,1,0,0,0,1,0,0,0,0,0,16795.8229391329
"152",585760,7120,60,"2.female",0.998507462686567,0,0.00149253731343284,0,0,6700,5,25,1,0,1,0,0,0,0,0,0,0,13889.706664378
"153",590720,19046,62,"2.female",0.103125,0,0.51953125,0.17578125,0.2015625,51200,5,25,1,0,1,0,0,0,0,0,0,0,13833.587059629
"154",595690,9497,67,"2.female",2.60443407234539,2.04200700116686,-1.60443407234539,0,0,3428,5,25,1,0,1,0,0,0,0,0,0,0,13027.2989937146
"155",600270,6058,65,"2.female",1.5,0.666666666666667,-0.5,0,0,3000,7,49,1,0,0,0,1,0,0,0,0,0,16895.2496438903
"156",601960,10995,66,"2.female",0.0433306479456784,0,0.863160317642997,0.0935090344113247,0,139024,5,25,1,0,1,0,0,0,0,0,0,0,13231.1243306089
"157",604350,14622,60,"2.female",0,0,1,0,0,50,5,25,1,0,1,0,0,0,0,0,0,0,13922.2516578541
"158",611530,12264,69,"2.female",0.925104853205512,0.249650489314959,-0.199720391451967,0.274615538246455,0,20028,10,100,1,0,0,0,0,0,0,1,0,0,16759.4940007701
"159",612490,325,56,"2.female",0,0,0.769230769230769,0.230769230769231,0,39000,3,9,1,0,0,0,0,0,0,0,0,0,8072.88602039702
"160",612520,22850,66,"2.female",0.122448979591837,0,0.853741496598639,0.0238095238095238,0,58800,9,81,1,0,0,0,0,0,1,0,0,0,17702.9391122458
"161",634690,14580,65,"2.female",0.917355371900826,0,0.0826446280991736,0,0,9680,6,36,1,0,0,1,0,0,0,0,0,0,15454.3834171362
"162",711730,6254,67,"1.male",1,0,0,0,0,7944,7,49,1,1,0,0,1,0,0,0,0,0,16081.8985845192
"163",718520,18300,64,"2.female",0.992272024729521,0,0.00772797527047913,0,0,6470,5,25,1,0,1,0,0,0,0,0,0,0,13427.0157995704
"164",726170,14238,72,"2.female",1,0,0,0,0,6000,10,100,1,0,0,0,0,0,0,1,0,0,16396.2963990007
"165",728620,15786,69,"2.female",0.0522253578593043,0.000850022100574615,0.891673183502771,0,0.0561014586379246,235288,7,49,1,0,0,0,1,0,0,0,0,0,16517.7998929068
"166",729630,24249,78,"2.female",1,0,0,0,0,12000,12,144,1,0,0,0,0,0,0,0,0,1,12494.5353230793
"167",731550,109597,72,"1.male",0.0034477973178188,0,0.984197595626664,0,0.0123546070555174,6264869.425,8,64,1,1,0,0,0,1,0,0,0,0,16323.251080733
"168",733310,51994,71,"2.female",0.0257192952088477,0,0.917990573092568,0.0486223820493945,0.00766774964918951,1028333,11,121,1,0,0,0,0,0,0,0,1,0,15288.0957973817
"169",739150,13915,64,"1.male",0,0,0.817702845100105,0.17913593256059,0.00316122233930453,474500,6,36,1,1,0,1,0,0,0,0,0,0,15012.8240356972
"170",742430,700,55,"2.female",0,1.25,1,0,0,4000,3,9,1,0,0,0,0,0,0,0,0,0,8177.19281160582
"171",746840,14024,62,"2.female",0,0,1,0,0,3000,5,25,1,0,1,0,0,0,0,0,0,0,13690.8046076381
"172",755490,18548,79,"2.female",0.311685252081043,0,0.655724831160672,0.0325899167582849,0,50936,10,100,1,0,0,0,0,0,0,1,0,0,15610.2787119265
"173",755820,8785,75,"2.female",0.715909090909091,0,0.284090909090909,0,0,704,10,100,1,0,0,0,0,0,0,1,0,0,16058.3853806941
"174",756800,3300,55,"2.female",0,0,1,0,0,10400,1,1,1,0,0,0,0,0,0,0,0,0,-869.654059342845
"175",759700,7762,63,"2.female",473,600,-552,80,0,25,7,49,1,0,0,0,1,0,0,0,0,0,5716.59618861071
"176",761240,25967,63,"2.female",0.00955514490467391,0,0.973645500846114,0,0.0167993542492123,1464342,7,49,1,0,0,0,1,0,0,0,0,0,17186.7313530637
"177",763180,14405,69,"2.female",0.259681093394077,0,0.455580865603645,0.284738041002278,0,87800,10,100,1,0,0,0,0,0,0,1,0,0,16781.6833693662
"178",767820,14963,70,"1.male",0.276923076923077,0.246153846153846,0.723076923076923,0,0,32500,8,64,1,1,0,0,0,1,0,0,0,0,16537.359855254
"179",770000,15122,64,"2.female",0.0383526197218779,0.0135713445583432,0.952256009843749,0,0.0093913704343735,442108,8,64,1,0,0,0,0,1,0,0,0,0,17844.0817774341
"180",771300,43922,65,"2.female",0.119623655913978,0,0.522700119474313,0.205346475507766,0.152329749103943,53568,5,25,1,0,1,0,0,0,0,0,0,0,13453.7691313824
"181",776970,15443,63,"2.female",0,0,0.518201284796574,0.481798715203426,0,93400,6,36,1,0,0,1,0,0,0,0,0,0,15739.5662122117
"182",777660,12742,64,"2.female",0.025974025974026,0,0.974025974025974,0,0,231000,7,49,1,0,0,0,1,0,0,0,0,0,17059.0170419797
"183",778140,10358,70,"2.female",0.0252849866601989,0,0.970167353868542,0.00454765947125879,0,329840,9,81,1,0,0,0,0,0,1,0,0,0,17242.2590072438
"184",783100,10681,74,"2.female",0.754966887417219,0,0,0,0.245033112582781,5436,8,64,1,0,0,0,0,1,0,0,0,0,16824.175739372
"185",783890,26052,62,"1.male",0.0162531064187641,0,0.959553214772807,0,0.024193678808429,371006,6,36,1,1,0,1,0,0,0,0,0,0,15249.2212595267
"186",785660,6070,62,"2.female",0.0197993664202746,0,0.978418690601901,0,0.00178194297782471,606080,6,36,1,0,0,1,0,0,0,0,0,0,15832.0237337911
"187",787230,6346,63,"2.female",0.115748792270531,0.115942028985507,-0.111304347826087,0.888888888888889,0.106666666666667,25875,5,25,1,0,1,0,0,0,0,0,0,0,13688.0209610499
"188",788860,325,60,"2.female",1.22262964903091,0.261917234154007,-0.222629649030906,0,0,7636,4,16,1,0,0,0,0,0,0,0,0,0,11060.9597703641
"189",790440,13809,70,"2.female",0.985061248879594,0.0224081266806095,0.0149387511204063,0,0,13388,10,100,1,0,0,0,0,0,0,1,0,0,16628.2303575032
"190",792180,350,64,"2.female",0.601417183348096,0.369058163566578,-0.221434898139947,0,0.620017714791851,13548,4,16,1,0,0,0,0,0,0,0,0,0,11041.1090536746
"191",792920,8180,69,"1.male",1,0,0,0,0,9852,9,81,1,1,0,0,0,0,1,0,0,0,16727.7872077705
"192",796260,1200,59,"2.female",0,0,0,0,1,3600,4,16,1,0,0,0,0,0,0,0,0,0,11898.442485603
"193",799550,200,66,"2.female",0.0790487441573784,0,0.911705788689712,0,0.00924546715290975,77876,4,16,1,0,0,0,0,0,0,0,0,0,10410.1966543093
"194",814200,8887,63,"2.female",0.929063640048642,0,0.0709363599513579,0,0,9868,5,25,1,0,1,0,0,0,0,0,0,0,13544.799516058
"195",818080,8314,68,"1.male",0.38870893105044,0.0832947709393799,-0.0809810273021749,0.414622859787136,0.2776492364646,21610,6,36,1,1,0,1,0,0,0,0,0,0,14736.0865389585
"196",819250,52535,68,"2.female",0.00581494921080356,0,0.994185050789197,0,0,2160740.73986,8,64,1,0,0,0,0,1,0,0,0,0,17375.8441358814
"197",824150,5878,65,"2.female",1.51775147928994,2.2189349112426,-1.62721893491124,0,1.1094674556213,5408,5,25,1,0,1,0,0,0,0,0,0,0,14050.7210938833
"198",834780,29809,62,"2.female",0,0.00943396226415094,1,0,0,106000,6,36,1,0,0,1,0,0,0,0,0,0,15831.453943847
"199",837890,16984,67,"2.female",0.314091308165057,0.164618086040386,0.137181738366989,0.219490781387182,0.329236172080773,36448,6,36,1,0,0,1,0,0,0,0,0,0,15477.966887157
"200",838650,8596,70,"2.female",0,0,1,0,0,206000,6,36,1,0,0,1,0,0,0,0,0,0,14905.6657429832
"201",840390,27285,75,"1.male",0.0284187515180957,0,0.971581248481904,0,0,494040,9,81,1,1,0,0,0,0,1,0,0,0,16065.1134272475
"202",842890,19412,63,"2.female",0,0,0.705882352941177,0.294117647058824,0,64600,6,36,1,0,0,1,0,0,0,0,0,0,15730.2811580223
"203",845500,9212,76,"2.female",1.15984654731458,0.213128729752771,-0.159846547314578,0,0,9384,10,100,1,0,0,0,0,0,0,1,0,0,15928.1923176383
"204",845850,15174,69,"2.female",1.53879310344828,0.718390804597701,-0.538793103448276,0,0,11136,9,81,1,0,0,0,0,0,1,0,0,0,17308.4268084502
"205",845970,6525,70,"2.female",0.0882558954004203,0,0.91174410459958,0,0,85660,7,49,1,0,0,0,1,0,0,0,0,0,16362.6458984575
"206",847250,63,61,"2.female",0.0505931113334286,0,0.771759325425182,0.142918393597256,0.0347291696441332,69970,2,4,1,0,0,0,0,0,0,0,0,0,3328.92818548218
"207",849510,8858,62,"2.female",0,0,0.0836820083682008,0.627615062761506,0.288702928870293,47800,5,25,1,0,1,0,0,0,0,0,0,0,13918.7234967621
"208",849930,12380,68,"2.female",0,0,0.953125,0.046875,0,640000,5,25,1,0,1,0,0,0,0,0,0,0,12998.7824810635
"209",853330,650,56,"1.male",0,0,0.229508196721311,0,0.770491803278688,61000,1,1,1,1,0,0,0,0,0,0,0,0,-1058.17293500435
"210",853740,17374,74,"1.male",0.141519250780437,0,0.73707943114811,0.121401318071453,0,115320,11,121,1,1,0,0,0,0,0,0,1,0,14337.3218979811
"211",855040,6445,71,"2.female",1,0,0,0,0,4044,7,49,1,0,0,0,1,0,0,0,0,0,16217.2053135929
"212",857660,4777,71,"1.male",0.974619289340102,0,0.0253807106598985,0,0,11820,6,36,1,1,0,1,0,0,0,0,0,0,14159.9749974325
"213",858250,7986,65,"2.female",0.976473844450595,0,0.0235261555494049,0,0,3613,8,64,1,0,0,0,0,1,0,0,0,0,17691.3774039306
"214",861670,32882,67,"2.female",0.0584648493543759,0,0.941535150645624,0,0,133824,7,49,1,0,0,0,1,0,0,0,0,0,16710.7874724324
"215",861920,30816,61,"2.female",1.58015943312666,0.590493061706525,-0.580159433126661,0,0,3387,5,25,1,0,1,0,0,0,0,0,0,0,13755.0249839324
"216",867830,15252,64,"2.female",0,0,0.63758389261745,0,0.36241610738255,59600,7,49,1,0,0,0,1,0,0,0,0,0,17306.998521906
"217",868120,10191,64,"1.male",0.0343822943110763,0,0.962636089482562,0.00298161620636192,0,352158,5,25,1,1,1,0,0,0,0,0,0,0,12860.1835918175
"218",870040,12534,63,"1.male",0.198214580922467,0,0.801785419077533,0,0,48392,5,25,1,1,1,0,0,0,0,0,0,0,12970.4197181922
"219",924900,248,61,"1.male",0,0,0.890625,0.109375,0,320000,3,9,1,1,0,0,0,0,0,0,0,0,6890.06188762323
"220",1100960,7890,60,"2.female",0.998257839721254,0,0.00174216027874564,0,0,6888,9,81,1,0,0,0,0,0,1,0,0,0,18367.5565465942
"221",1110820,12478,67,"2.female",0,0,0.26530612244898,0.73469387755102,0,49000,12,144,1,0,0,0,0,0,0,0,0,1,13836.4348927901
"222",1125340,37206,68,"2.female",0.0194636569152289,0,0.924439663503962,0,0.0560966795808086,951928,11,121,1,0,0,0,0,0,0,0,1,0,15666.088930015
"223",1135530,12010,57,"1.male",0,0.0334448160535117,0.478260869565217,0,0.521739130434783,59800,6,36,1,1,0,1,0,0,0,0,0,0,16167.6494730848
"224",1141170,18750,63,"2.female",0,0.0408163265306122,1,0,0,98000,10,100,1,0,0,0,0,0,0,1,0,0,17470.4017656736
"225",1147040,22153,63,"2.female",1,0,0,0,0,10620,10,100,1,0,0,0,0,0,0,1,0,0,17437.8081249725
"226",1162920,18111,61,"2.female",0.45320197044335,0.378931413414172,0.341038272072755,0,0.205759757483895,26390,7,49,1,0,0,0,1,0,0,0,0,0,17532.5721827528
"227",1168690,13838,63,"2.female",0.0672292139963699,0,0.841416946137295,0.0913538398663349,0,83193,8,64,1,0,0,0,0,1,0,0,0,0,17956.9795510228
"228",1179880,27500,67,"2.female",0.264765784114053,0.814663951120163,-0.629327902240326,1.36456211812627,0,49100,12,144,1,0,0,0,0,0,0,0,0,1,13858.9663770276
"229",1183530,5168,69,"2.female",0.68006649539066,0,0.188907359830739,0,0.131026144778601,26468,10,100,1,0,0,0,0,0,0,1,0,0,16843.24271065
"230",1190790,26574,66,"2.female",0.049215193433287,0,0.949150159070536,0,0.00163464749617703,113786,9,81,1,0,0,0,0,0,1,0,0,0,17705.262832199
"231",1198040,9080,63,"2.female",1,0,0,0,0,8400,7,49,1,0,0,0,1,0,0,0,0,0,17142.9935144568
"232",1204810,38730,61,"2.female",0,0,1,0,0,280000,9,81,1,0,0,0,0,0,1,0,0,0,18284.3698788411
"233",1212740,6850,68,"2.female",0.817421325189218,0.0165980613464347,0.182578674810782,0,0,15062,11,121,1,0,0,0,0,0,0,0,1,0,15601.8277404174
"234",1213180,10177,66,"2.female",0.144393039515731,0,0,0.717791074231769,0.1378158862525,34829.076172,11,121,1,0,0,0,0,0,0,0,1,0,15984.7000874807
"235",1213890,23303,64,"2.female",0.0753424657534247,0,0.924657534246575,0,0,175200,9,81,1,0,0,0,0,0,1,0,0,0,17934.7436182589
"236",1226690,13313,70,"1.male",8760,15000,-14500,5741,0,2,11,121,1,1,0,0,0,0,0,0,1,0,13300.2304224613
"237",1227040,3998,65,"1.male",0.105263157894737,0.0175438596491228,-0.0175438596491228,0.912280701754386,0,28500,11,121,1,1,0,0,0,0,0,0,1,0,15419.1421330538
"238",1235800,26111,62,"2.female",0.0463620153141499,0,0.95363798468585,0,0,114404,10,100,1,0,0,0,0,0,0,1,0,0,17584.6141839123
"239",1301020,7536,55,"2.female",0.991735537190083,0,0.00826446280991736,0,0,1573,6,36,1,0,0,1,0,0,0,0,0,0,16609.1943478333
"240",1302490,12445,57,"2.female",0,4.1649312786339,-2.49854227405248,0,3.49854227405248,4802,5,25,1,0,1,0,0,0,0,0,0,0,16655.110531627
"241",1315780,160098,58,"2.female",0,0,0.992877185409022,0,0.00712281459097777,1853200,7,49,1,0,0,0,1,0,0,0,0,0,17759.0618937725
"242",1318970,11263,53,"1.male",0,0,0,0,1,8520,5,25,1,1,1,0,0,0,0,0,0,0,14816.0247427443
"243",1323550,9744,59,"2.female",0,0,0.211469534050179,0.788530465949821,0,27900,6,36,1,0,0,1,0,0,0,0,0,0,16217.6351033427
"244",1344820,10240,64,"2.female",0,0,0.88086642599278,0.11913357400722,0,277000,10,100,1,0,0,0,0,0,0,1,0,0,17360.5720779215
"245",1357070,5662,57,"2.female",0.853546910755149,0.257437070938215,0.146453089244851,0,0,874,6,36,1,0,0,1,0,0,0,0,0,0,16382.2513680563
"246",1378040,16378,61,"2.female",0,0,0.930962343096234,0.0104602510460251,0.0585774058577406,573600,7,49,1,0,0,0,1,0,0,0,0,0,17447.4961745155
"247",1378580,3476,61,"2.female",0,0,1,0,0,33,8,64,1,0,0,0,0,1,0,0,0,0,18186.0983420025
"248",1383000,3760,62,"2.female",0.0116614021495123,0.0794644098774261,0.988338597850488,0,0,100674,9,81,1,0,0,0,0,0,1,0,0,0,18168.2662661814
"249",1383730,17553,64,"2.female",0,0,0.331288343558282,0.668711656441718,0,163000,10,100,1,0,0,0,0,0,0,1,0,0,17387.7610870588
"250",1395340,2781,63,"2.female",0.982776438167413,0,0.017223561832587,0,0,11612,10,100,1,0,0,0,0,0,0,1,0,0,17438.3695035585
"251",1396560,4912,65,"2.female",2.13666228646518,1.14980289093298,-1.13666228646518,0,0,6088,11,121,1,0,0,0,0,0,0,0,1,0,15905.9994498514
"252",1397080,15280,66,"2.female",0,0,1,0,0,105000,11,121,1,0,0,0,0,0,0,0,1,0,15859.917527608
"253",1426320,18760,62,"1.male",0,0,0,1,0,60000,10,100,1,1,0,0,0,0,0,1,0,0,17037.3969748391
"254",1435570,20819,67,"2.female",0.323923068271286,0,0.562366437970982,0,0.113710493757733,35564,12,144,1,0,0,0,0,0,0,0,0,1,13867.0701440899
"255",1442670,18010,66,"2.female",0.296081277213353,0.253991291727141,0.181422351233672,0,0.522496371552975,27560,11,121,1,0,0,0,0,0,0,0,1,0,16206.562263758
"256",1442760,8507,61,"2.female",0,0.111111111111111,-0.111111111111111,1.11111111111111,0,4500,9,81,1,0,0,0,0,0,1,0,0,0,18339.3393383557
"257",1454890,22600,61,"2.female",0,0,1,0,0,541000,9,81,1,0,0,0,0,0,1,0,0,0,18284.3698788411
"258",1458830,33262,56,"1.male",0,0,0.731201056703463,0,0.268798943296537,105990,5,25,1,1,1,0,0,0,0,0,0,0,13970.241411551
"259",1462400,7720,70,"1.male",0.126838235294118,0,0.873161764705882,0,0,217600,11,121,1,1,0,0,0,0,0,0,1,0,14794.6884778021
"260",1485130,7646,66,"2.female",0,0,0.37117903930131,0.524017467248908,0.104803493449782,137400,9,81,1,0,0,0,0,0,1,0,0,0,17803.1431849821
"261",1495580,11680,67,"2.female",1,0,0,0,0,1400,12,144,1,0,0,0,0,0,0,0,0,1,13767.4940992672
"262",1504330,20352,63,"1.male",0.145750497017893,0,0.465954274353877,0.388295228628231,0,64384,10,100,1,1,0,0,0,0,0,1,0,0,16886.660337801
"263",1506900,13214,62,"2.female",0,0.002909796314258,0.967022308438409,0.0329776915615907,0,515500,8,64,1,0,0,0,0,1,0,0,0,0,18072.0063061876
"264",1508750,18976,67,"1.male",0.576923076923077,0,0.423076923076923,0,0,15600,11,121,1,1,0,0,0,0,0,0,1,0,15127.189149513
"265",1512990,5551,62,"1.male",0,0,0.676818950930626,0.323181049069374,0,591,7,49,1,1,0,0,1,0,0,0,0,0,16709.0984295936
"266",1520650,11280,67,"2.female",1.07462686567164,0.746268656716418,-0.447761194029851,0.373134328358209,0,13400,12,144,1,0,0,0,0,0,0,0,0,1,13783.5216311414
"267",1525750,18342,69,"2.female",0.113018807218696,0,0.886981192781304,0,0,136756,10,100,1,0,0,0,0,0,0,1,0,0,16772.3769206307
"268",1526300,22694,69,"2.female",0.148898046944992,0.0223974198172371,0.828704533237771,0.0223974198172371,0,89296,10,100,1,0,0,0,0,0,0,1,0,0,16772.3155422382
"269",1557640,18910,63,"2.female",0.0256581139620127,0.00266577807397534,0.910363212262579,0,0.0639786737754082,300100,8,64,1,0,0,0,0,1,0,0,0,0,17997.4426491624
"270",1559340,9662,68,"2.female",0.654345372460497,0.0634875846501129,0.345654627539503,0,0,14176,10,100,1,0,0,0,0,0,0,1,0,0,16870.4566421693
"271",1559650,9248,57,"1.male",0,0,0.974930362116992,0,0.0250696378830084,107700,7,49,1,1,0,0,1,0,0,0,0,0,17288.8226939819
"272",1567100,48354,63,"2.female",0.455516287969753,0,0.544483712030247,0,0,34895.44238,9,81,1,0,0,0,0,0,1,0,0,0,18038.0758944016
"273",1571210,17711,66,"2.female",1.01766784452297,0.0176678445229682,-0.0176678445229682,0,0,14150,10,100,1,0,0,0,0,0,0,1,0,0,17090.0616902722
"274",1573290,18165,62,"1.male",0,0.354838709677419,-0.225806451612903,1.2258064516129,0,31000,7,49,1,1,0,0,1,0,0,0,0,0,16753.7535770634
"275",1579070,10310,59,"1.male",3.73352735262535,6.07450522805633,-2.73352735262535,0,0,3292.44922,8,64,1,1,0,0,0,1,0,0,0,0,17697.6553136338
"276",1581540,14568,54,"2.female",0,0,1,0,0,200,6,36,1,0,0,1,0,0,0,0,0,0,16757.2421447109
"277",1587200,14565,62,"1.male",0.461538461538462,0.307692307692308,0.538461538461538,0,0,13000,8,64,1,1,0,0,0,1,0,0,0,0,17457.1307686038
"278",1588510,12105,64,"2.female",0.167041002872813,0,0.65291198746409,0,0.180047009663097,76580,9,81,1,0,0,0,0,0,1,0,0,0,18054.530548366
"279",1597000,13966,64,"1.male",2.48230088495575,1.54867256637168,-1.48230088495575,0,0,4520,10,100,1,1,0,0,0,0,0,1,0,0,16675.5701879038
"280",1600710,11378,66,"2.female",0.519848771266541,0,0.177693761814745,0.302457466918715,0,26450,11,121,1,0,0,0,0,0,0,0,1,0,15857.9370946729
"281",1600910,19230,61,"1.male",0,0.336391437308869,1,0,0,32700,8,64,1,1,0,0,0,1,0,0,0,0,17587.8975124969
"282",1608990,47365,67,"2.female",1.46158942978524e-05,0,0.97561094438165,0.0243598238297541,1.46158942978524e-05,821024,12,144,1,0,0,0,0,0,0,0,0,1,13801.3023720112
"283",1626870,13985,63,"2.female",0,0.00202429149797571,0.868421052631579,0.131578947368421,0,494000,9,81,1,0,0,0,0,0,1,0,0,0,18059.4323698835
"284",1649260,10359,64,"2.female",0,0,0.00039984006397441,0.999600159936026,0,25010,9,81,1,0,0,0,0,0,1,0,0,0,17986.6520359873
"285",1657020,20758,72,"1.male",0,0,0.533333333333333,0.466666666666667,0,15000,8,64,1,1,0,0,0,1,0,0,0,0,16338.0259093052
"286",1713150,7088,66,"2.female",0.735294117647059,0,0,0,0.264705882352941,12648,9,81,1,0,0,0,0,0,1,0,0,0,17862.2917277198
"287",1719810,16398,69,"2.female",1.05540166204986,0.0554016620498615,-0.0554016620498615,0,0,14440,11,121,1,0,0,0,0,0,0,0,1,0,15478.3475697159
"288",1728560,14915,67,"2.female",0.313432835820896,0.298507462686567,0.686567164179104,0,0,33500,10,100,1,0,0,0,0,0,0,1,0,0,16997.291748007
"289",1738930,8646,63,"2.female",0.184734708267231,0,0.0220341970738586,0.793231094658911,0,22692,10,100,1,0,0,0,0,0,0,1,0,0,17503.6237250566
"290",1749710,2743,64,"2.female",0.50381679389313,0,0.49618320610687,0,0,26200,11,121,1,0,0,0,0,0,0,0,1,0,16074.9433542646
"291",1757430,13447,63,"2.female",0.0840358271865121,0,0.856164383561644,0.011986301369863,0.047813487881981,91104,8,64,1,0,0,0,0,1,0,0,0,0,17985.1097098046
"292",1773310,7333,57,"2.female",0,0.131550098662574,-0.131330848498136,1.13133084849814,0,22805,5,25,1,0,1,0,0,0,0,0,0,0,14325.3920139248
"293",1783590,12744,59,"2.female",0,0,1,0,0,50200,7,49,1,0,0,0,1,0,0,0,0,0,17638.4812555898
"294",1784660,18131,68,"2.female",0.273195195987858,0.181470238880824,0.511416127755048,0.00494918833311337,0.21043948792398,60616,11,121,1,0,0,0,0,0,0,0,1,0,15763.3115311097
"295",1789050,2300,55,"2.female",0,0,0.914054502023107,0.0219373080485546,0.0640081899283381,246156,4,16,1,0,0,0,0,0,0,0,0,0,11724.1604172257
"296",1810910,6188,55,"2.female",0,0,0.0909090909090909,0.909090909090909,0,3300,5,25,1,0,1,0,0,0,0,0,0,0,14545.8442957242
"297",1811180,7473,68,"2.female",0.609726808766136,0.0075052536775743,0.390273191233864,0,0,13324,11,121,1,0,0,0,0,0,0,0,1,0,15608.5972608613
"298",1835370,41991,66,"1.male",0.251481795088908,0.0135478408128704,0.613039796782388,0.135478408128704,0,59050,10,100,1,1,0,0,0,0,0,1,0,0,16523.5361109557
"299",1838770,14569,66,"2.female",0.0375255869838093,0.000332208069672188,0.90478558654617,0.0576888264700207,0,502697,10,100,1,0,0,0,0,0,0,1,0,0,17124.8621061004
"300",1842190,17535,68,"1.male",0.00846527668913623,0,0.991534723310864,0,0,1275800,11,121,1,1,0,0,0,0,0,0,1,0,15029.9937336995
"301",1864690,16439,61,"2.female",0,0.294117647058824,0.0735294117647059,0,0.926470588235294,27200,7,49,1,0,0,0,1,0,0,0,0,0,18038.8030588197
"302",1865630,19753,63,"2.female",0.00999861951998738,0.0493028575936261,-0.0157769144299604,0.295817145561757,0.709961149348216,50707,10,100,1,0,0,0,0,0,0,1,0,0,17968.8397588235
"303",1868970,16698,64,"2.female",0.0177367331461671,0,0.948392119720942,0.0338711471328908,0,531425.756836,9,81,1,0,0,0,0,0,1,0,0,0,17938.2968895957
"304",1870980,14917,68,"1.male",0.0394176136363636,0,0.8984375,0.0621448863636364,0,563200,11,121,1,1,0,0,0,0,0,0,1,0,15032.0593480837
"305",1871050,14181,64,"2.female",0.192110021890168,0.0571047872846674,0.690016179689731,0.0016655562958028,0.116208242124298,42028,8,64,1,0,0,0,0,1,0,0,0,0,17911.9920748171
"306",1876730,14826,67,"2.female",3.06976744186047,5.58139534883721,-2.06976744186047,0,0,4300,11,121,1,0,0,0,0,0,0,0,1,0,15644.1391054642
"307",2008280,7824,86,"2.female",0.606741573033708,0.112359550561798,0.0561797752808989,0,0.337078651685393,17800,8,64,1,0,0,0,0,1,0,0,0,0,15503.0913442056
"308",2008700,5186,77,"2.female",1,0,0,0,0,2472,2,4,1,0,0,0,0,0,0,0,0,0,1415.65448294981
"309",2011990,225,71,"2.female",0.964285714285714,0,0.0357142857142857,0,0,5600,2,4,1,0,0,0,0,0,0,0,0,0,2111.15969219419
"310",2014040,5765,79,"2.female",1,0,0,0,0,4488,5,25,1,0,1,0,0,0,0,0,0,0,11690.9110401013
"311",2014640,71058,85,"2.female",0.265920352358231,0,0.734079647641769,0,0,43592,5,25,1,0,1,0,0,0,0,0,0,0,11020.4962177346
"312",2016170,151,75,"2.female",1,0,0,0,0,7200,2,4,1,0,0,0,0,0,0,0,0,0,1647.10153316578
"313",2016630,686,77,"2.female",0.183993565252363,0,0.754071988739192,0,0.0619344460084456,59676,2,4,1,0,0,0,0,0,0,0,0,0,1484.48477441693
"314",2017320,20919,90,"2.female",0.989010989010989,0,0.010989010989011,0,0,9100,6,36,1,0,0,1,0,0,0,0,0,0,12558.9597719982
"315",2020970,12093,100,"2.female",0.174757281553398,0,0.825242718446602,0,0,61800,7,49,1,0,0,0,1,0,0,0,0,0,12888.1207501176
"316",2021210,6680,77,"2.female",0.0639344262295082,0,0.877049180327869,0,0.059016393442623,244000,5,25,1,0,1,0,0,0,0,0,0,0,11993.1116992211
"317",2023560,3702,82,"2.female",0.862344276963315,0,0.137655723036685,0,0,14529,5,25,1,0,1,0,0,0,0,0,0,0,11348.2271659545
"318",2024310,800,73,"2.female",0.668953687821612,0,0.0428816466552316,0,0.288164665523156,11660,2,4,1,0,0,0,0,0,0,0,0,0,2085.84073560615
"319",2024370,3650,79,"2.female",0.905046120455779,0,0.0949538795442214,0,0,7372,5,25,1,0,1,0,0,0,0,0,0,0,11694.0059327343
"320",2026510,475,74,"2.female",0.0750816104461371,0,0.924918389553863,0,0,110280,2,4,1,0,0,0,0,0,0,0,0,0,1792.97151594068
"321",2027630,8028,79,"2.female",0.282525510204082,0,0.558035714285714,0,0.159438775510204,37632,5,25,1,0,1,0,0,0,0,0,0,0,11823.0189198518
"322",2029390,15,75,"2.female",0.158606748561654,0,0.835795366194993,0,0.00559788524335251,51448,2,4,1,0,0,0,0,0,0,0,0,0,1678.34285215574
"323",2031030,22403,81,"2.female",0.590163934426229,0,0.409836065573771,0,0,12200,5,25,1,0,1,0,0,0,0,0,0,0,11472.822039353
"324",2031400,7621,78,"1.male",0.893902166629439,0.195443377261559,0.083761447397811,0.0223363859727496,0,17908,5,25,1,1,1,0,0,0,0,0,0,0,11212.9968875217
"325",2033130,1200,72,"2.female",0.235912129894938,0,0.764087870105062,0,0,1047,2,4,1,0,0,0,0,0,0,0,0,0,2019.17651399198
"326",2033830,10546,89,"2.female",0.640939597315436,0,0.302013422818792,0,0.0570469798657718,17880,10,100,1,0,0,0,0,0,0,1,0,0,14479.600420527
"327",2034220,7073,84,"2.female",0.857142857142857,0,0.142857142857143,0,0,14000,6,36,1,0,0,1,0,0,0,0,0,0,13257.5989851562
"328",2035200,8717,87,"2.female",0.301662893278164,0,0.683113435865407,0,0.0152236708564291,51236,7,49,1,0,0,0,1,0,0,0,0,0,14398.7714224129
"329",2036320,6955,79,"2.female",0.981877491844871,0,0.0181225081551287,0,0,11036,6,36,1,0,0,1,0,0,0,0,0,0,13832.1510548296
"330",2037680,8172,79,"2.female",0.868421052631579,0,0.131578947368421,0,0,7600,5,25,1,0,1,0,0,0,0,0,0,0,11695.1996770357
"331",2039460,240,101,"2.female",1,0,0,0,0,22764.24805,11,121,1,0,0,0,0,0,0,0,1,0,11777.0005081274
"332",2039910,890,71,"1.male",0.0156023417582829,0,0.984397658241717,0,0,499924.95491,2,4,1,1,0,0,0,0,0,0,0,0,1543.87990767176
"333",2045400,600,74,"2.female",0.126884095634096,0,0.860836798336798,0,0.012279106029106,61568,2,4,1,0,0,0,0,0,0,0,0,0,1799.65632019453
"334",2045910,750,75,"2.female",0.0298640464554693,0,0.970135953544531,0,0,313420.3536,2,4,1,0,0,0,0,0,0,0,0,0,1678.72179586679
"335",2047130,962,72,"2.female",0.0483057360009224,0,0.922204245391773,0,0.0294900186073047,198982.58045,2,4,1,0,0,0,0,0,0,0,0,0,2045.40080552376
"336",2047220,20370,85,"2.female",0,0,0.901275651691625,0,0.0987243483083749,173088,5,25,1,0,1,0,0,0,0,0,0,0,11096.4845753447
"337",2052540,25550,80,"2.female",0.04087959013723,0.00812937192879713,0.923972041916613,0,0.0351483679461569,430537.56559,6,36,1,0,0,1,0,0,0,0,0,0,13771.066074056
"338",2053880,7357,84,"2.female",0.0541697310641947,0,0.945830268935805,0,0,134244.713,5,25,1,0,1,0,0,0,0,0,0,0,11143.1214665113
"339",2054270,3866,84,"2.female",0.833309689317634,0,0.166690310682366,0,0,14098,9,81,1,0,0,0,0,0,1,0,0,0,15595.5682047511
"340",2055030,13668,81,"1.male",0.377130868082874,0,0.524521374246001,0.032782585890375,0.0655651717807501,45756,5,25,1,1,1,0,0,0,0,0,0,0,10927.8960663646
"341",2055290,7504,81,"2.female",0.230769230769231,0,0.769230769230769,0,0,52000,6,36,1,0,0,1,0,0,0,0,0,0,13625.1853574028
"342",2056390,850,70,"2.female",0.0482536764705882,0.00626671122994652,0.907628676470588,0,0.0441176470588235,191488,2,4,1,0,0,0,0,0,0,0,0,0,2286.82426752985
"343",2056530,67930,91,"2.female",0.0578871201157742,0,0.91027496382055,0,0.0318379160636758,207300,10,100,1,0,0,0,0,0,0,1,0,0,14249.9668797586
"344",2057280,7505,81,"2.female",0.803149606299213,0,0.196850393700787,0,0,10160,5,25,1,0,1,0,0,0,0,0,0,0,11465.8800608895
"345",2057460,6688,80,"2.female",0.97379258704605,0.00467989517034818,0.0262074129539498,0,0,10684,6,36,1,0,0,1,0,0,0,0,0,0,13716.6910462038
"346",2060060,3864,79,"2.female",1,0,0,0,0,7200,6,36,1,0,0,1,0,0,0,0,0,0,13831.5603763102
"347",2062780,11971,89,"2.female",0.666666666666667,0,0.333333333333333,0,0,18000,8,64,1,0,0,0,0,1,0,0,0,0,14924.1105451782
"348",2063720,8522,84,"2.female",0.417851358646752,0.00449883030412093,0.355407594025553,0,0.226741047327695,11114,5,25,1,0,1,0,0,0,0,0,0,0,11285.8845731639
"349",2065680,10512,95,"2.female",0.633230439641937,0,0.366769560358063,0,0,27265.07617,7,49,1,0,0,0,1,0,0,0,0,0,13451.7950662717
"350",2065810,11200,91,"2.female",0.285714285714286,0,0.714285714285714,0,0,42000,6,36,1,0,0,1,0,0,0,0,0,0,12466.1592469437
"351",2069600,35521,76,"2.female",0.047136340598074,0,0.952863659401926,0,0,197300,5,25,1,0,1,0,0,0,0,0,0,0,12069.1389111769
"352",2070230,16026,88,"2.female",0.959296646043634,0,0.040703353956366,0,0,12284,11,121,1,0,0,0,0,0,0,0,1,0,13282.7330050254
"353",2071500,14691,90,"2.female",0.657534246575342,0,0.342465753424658,0,0,14600,6,36,1,0,0,1,0,0,0,0,0,0,12569.7638058419
"354",2072500,8461,84,"2.female",0.847187237615449,0,0,0,0.152812762384551,14292,5,25,1,0,1,0,0,0,0,0,0,0,11221.4785732852
"355",2073900,43352,83,"2.female",0.0409293529650142,0.00337700932054572,0.959070647034986,0,0,148060,5,25,1,0,1,0,0,0,0,0,0,0,11259.2765437458
"356",2074980,15526,81,"1.male",0.0751121076233184,0,0.70067264573991,0,0.224215246636771,64224,5,25,1,1,1,0,0,0,0,0,0,0,11044.3030721581
"357",2080220,6640,95,"2.female",1,0,0,0,0,9180,9,81,1,0,0,0,0,0,1,0,0,0,14317.1763844686
"358",2100090,35894,75,"1.male",0.147654158643686,0.0032874653642042,0.842060771145447,0,0.0102850702108674,85172,7,49,1,1,0,0,1,0,0,0,0,0,15190.9049221584
"359",2102980,350,71,"2.female",0.875,0,0.025,0,0.1,12000,4,16,1,0,0,0,0,0,0,0,0,0,9867.52243391779
"360",2103270,4606,75,"2.female",0.303239740820734,0.0431965442764579,-0.042548596112311,0.485961123110151,0.253347732181425,18520,5,25,1,0,1,0,0,0,0,0,0,0,12373.316971493
"361",2105180,4933,83,"2.female",1.01748251748252,0.874125874125874,-0.699300699300699,0.131118881118881,0.550699300699301,11440,11,121,1,0,0,0,0,0,0,0,1,0,14241.4678626618
"362",2105350,9701,77,"2.female",0.256064016004001,0,0.729349003917646,0.0145869800783529,0,47988,6,36,1,0,0,1,0,0,0,0,0,0,14087.9766632629
"363",2106950,25562,76,"1.male",0.287679308312046,0,0.0343878954607978,0,0.677932796227157,20356,5,25,1,1,1,0,0,0,0,0,0,0,11925.3865475328
"364",2107960,10162,75,"2.female",1.06926188068756,0.18958543983822,-0.176946410515672,0,0.107684529828109,7912,5,25,1,0,1,0,0,0,0,0,0,0,12224.9787194282
"365",2108000,6039,80,"2.female",0.0643745300012242,0,0.935625469998776,0,0,228724,10,100,1,0,0,0,0,0,0,1,0,0,15501.0036385367
"366",2108920,4126,73,"2.female",1,0,0,0,0,6360,5,25,1,0,1,0,0,0,0,0,0,0,12385.2521907492
"367",2109180,7665,74,"2.female",0.462212381520133,0,0.537787618479867,0,0,33470.46191,7,49,1,0,0,0,1,0,0,0,0,0,15887.5631946792
"368",2109220,18253,72,"2.female",0.897330595482546,0,0.102669404517454,0,0,5844,5,25,1,0,1,0,0,0,0,0,0,0,12504.322085539
"369",2109860,17296,78,"2.female",0.448979591836735,0.0272108843537415,0.551020408163265,0,0,29400,7,49,1,0,0,0,1,0,0,0,0,0,15425.1003990397
"370",2110050,17536,75,"2.female",0.396281091523787,0.0301859454238107,0.603718908476213,0,0,33128,6,36,1,0,0,1,0,0,0,0,0,0,14314.1318739295
"371",2110320,9682,79,"1.male",0.262101534828808,0,0.737898465171192,0,0,40656,8,64,1,1,0,0,0,1,0,0,0,0,15496.3312172997
"372",2110360,8317,74,"2.female",0.753118503118503,0,0.025987525987526,0.220893970893971,0,7696,7,49,1,0,0,0,1,0,0,0,0,0,15889.0096850451
"373",2110380,6556,76,"2.female",0.20375312042696,0,0.79624687957304,0,0,46468,7,49,1,0,0,0,1,0,0,0,0,0,15664.5402727551
"374",2110790,11628,80,"2.female",0.116417819510597,0,0.701255698801114,0.0455816204220724,0.136744861266217,114081.06934,8,64,1,0,0,0,0,1,0,0,0,0,16079.059505939
"375",2111020,18298,79,"2.female",0.13073218000969,0.0142502921309887,0.726764898680423,0.142502921309887,0,140348,9,81,1,0,0,0,0,0,1,0,0,0,16204.1353669014
"376",2111270,7822,76,"2.female",0.882352941176471,0.0294117647058824,0.117647058823529,0,0,10200,6,36,1,0,0,1,0,0,0,0,0,0,14182.565497599
"377",2111410,15140,74,"2.female",0.331285912423222,0.0990687537150783,0.470576580146622,0.198137507430157,0,20188,7,49,1,0,0,0,1,0,0,0,0,0,15901.6329254949
"378",2111430,2446,81,"1.male",0.500860585197935,0,0.0258175559380379,0.473321858864028,0,23240,8,64,1,1,0,0,0,1,0,0,0,0,15280.5185624643
"379",2112160,484,68,"2.female",0.0142045454545455,0,0.946969696969697,0,0.0388257575757576,633600,4,16,1,0,0,0,0,0,0,0,0,0,10201.0341859284
"380",2112620,15455,74,"2.female",0.0569054555084746,0,0.830078125,0,0.113016419491525,120832,7,49,1,0,0,0,1,0,0,0,0,0,15977.8405635685
"381",2112870,1800,68,"2.female",0.244518589132507,0,0.183508102955195,0,0.571973307912297,41960,4,16,1,0,0,0,0,0,0,0,0,0,10557.0856528731
"382",2113140,6371,74,"2.female",0.725217391304348,0,0.0869565217391304,0,0.187826086956522,11500,6,36,1,0,0,1,0,0,0,0,0,0,14547.2145114221
"383",2113490,15651,69,"2.female",0.947780678851175,0,0.0522193211488251,0,0,5745,5,25,1,0,1,0,0,0,0,0,0,0,12849.8483089723
"384",2113920,15778,75,"2.female",0.258710155670867,0,0.741289844329133,0,0,16188,5,25,1,0,1,0,0,0,0,0,0,0,12177.9664753747
"385",2114180,32352,74,"2.female",0.0433596945732206,0,0.123955673451174,0,0.832684631975605,322696,6,36,1,0,0,1,0,0,0,0,0,0,15009.1737356631
"386",2114290,7585,79,"2.female",0.0636704119850187,0,0.936329588014981,0,0,160200,8,64,1,0,0,0,0,1,0,0,0,0,16100.9996395273
"387",2114560,3251,69,"2.female",0.981495188749075,0,0.0185048112509252,0,0,10808,5,25,1,0,1,0,0,0,0,0,0,0,12848.7494303503
"388",2114750,12725,75,"2.female",0.494588744588745,0,0,0,0.505411255411255,11088,5,25,1,0,1,0,0,0,0,0,0,0,12514.922937776
"389",2114770,2400,75,"2.female",0.871248789932236,0,0.0968054211035818,0,0.031945788964182,8264,5,25,1,0,1,0,0,0,0,0,0,0,12179.7857398444
"390",2115140,12778,73,"2.female",0.458499882435928,0.0146955090524336,0.514342816835175,0,0.0271573007288973,34024,5,25,1,0,1,0,0,0,0,0,0,0,12421.4204652843
"391",2115620,9762,76,"2.female",0.0706559867732904,0,0.822236845229685,0,0.107107167997025,184861.57715,7,49,1,0,0,0,1,0,0,0,0,0,15741.9157602895
"392",2115640,21352,76,"2.female",0.171636615811373,0,0.801837725381415,0,0.0265256588072122,46144,7,49,1,0,0,0,1,0,0,0,0,0,15683.6751583688
"393",2115990,5730,70,"2.female",0.692307692307692,0.0961538461538462,-0.0961538461538462,0.403846153846154,0,10400,5,25,1,0,1,0,0,0,0,0,0,0,12762.4308629202
"394",2117350,5365,75,"2.female",1.02254532069568,0.0230054292813104,-0.0225453206956842,0,0,10867,7,49,1,0,0,0,1,0,0,0,0,0,15753.5763790787
"395",2117550,700,74,"2.female",0.0118445418360678,0,0.988155458163932,0,0,820631.151,4,16,1,0,0,0,0,0,0,0,0,0,9480.29431360238
"396",2117630,13089,69,"2.female",0.589934762348555,0.0931966449207828,-0.0232991612301957,0.0698974836905871,0.363466915191053,21460,5,25,1,0,1,0,0,0,0,0,0,0,13112.8212618198
"397",2118030,34918,82,"2.female",0.0152186027106162,0,0.980502839444535,0,0.00427855784484888,1346248.01367,10,100,1,0,0,0,0,0,0,1,0,0,15274.0763470756
"398",2119140,12911,71,"2.female",0.521439509954058,0,0.478560490045942,0,0,20896,6,36,1,0,0,1,0,0,0,0,0,0,14772.9466058404
"399",2119410,3972,80,"2.female",1,0,0,0,0,3360,10,100,1,0,0,0,0,0,0,1,0,0,15470.5081981368
"400",2120300,15607,76,"2.female",0.0706476030277544,0,0.916736753574432,0.0126156433978133,0,118900,6,36,1,0,0,1,0,0,0,0,0,0,14209.6460573349
"401",2120490,25306,74,"2.female",0.162483950040854,0,0.802497957277927,0,0.0350180926812186,68536,5,25,1,0,1,0,0,0,0,0,0,0,12320.7055237739
"402",2120970,2028,73,"2.female",0.81962481962482,0,0.18037518037518,0,0,8316,7,49,1,0,0,0,1,0,0,0,0,0,15991.6373471975
"403",2121170,479,73,"2.female",0.882186616399623,0,0.117813383600377,0,0,8488,4,16,1,0,0,0,0,0,0,0,0,0,9567.65022184503
"404",2121810,15658,77,"2.female",1.29741077676697,1.04968509447166,-0.927221833449965,0.629811056682995,0,5716,8,64,1,0,0,0,0,1,0,0,0,0,16323.3929356191
"405",2122270,11482,75,"2.female",0.0929577464788732,0,0.873239436619718,0,0.0338028169014084,142000,5,25,1,0,1,0,0,0,0,0,0,0,12206.4194029823
"406",2122550,14507,72,"2.female",0.731991268493815,0.00606354596167839,0.0254668930390492,0.242541838467136,0,16492,5,25,1,0,1,0,0,0,0,0,0,0,12521.7102505499
"407",2123180,12525,75,"2.female",0.571183533447684,0,0.428816466552316,0,0,18656,7,49,1,0,0,0,1,0,0,0,0,0,15768.2879029985
"408",2123360,7828,75,"2.female",0.827053140096618,0,0.0241545893719807,0,0.148792270531401,12420,7,49,1,0,0,0,1,0,0,0,0,0,15861.4110048866
"409",2124220,12102,70,"2.female",0.203646813992667,0,0.718461995837875,0,0.0778911901694579,40364,5,25,1,0,1,0,0,0,0,0,0,0,12811.4935378743
"410",2124520,16542,79,"2.female",0,0.101708706265256,0.406834825061025,0,0.593165174938975,49160,9,81,1,0,0,0,0,0,1,0,0,0,16605.8312397278
"411",2124740,500,68,"1.male",0.194207836456559,0,0.805792163543441,0,0,58700,4,16,1,1,0,0,0,0,0,0,0,0,9570.49075104273
"412",2125190,47256,81,"2.female",0.0386137941954894,0.0141380324383016,0.961386205804511,0,0,353656,11,121,1,0,0,0,0,0,0,0,1,0,14122.8060868541
"413",2125670,7152,69,"2.female",0.284849818461877,0,0.632632852899109,0.0825173286390142,0,36356,5,25,1,0,1,0,0,0,0,0,0,0,12875.5379789058
"414",2125680,10328,72,"2.female",0.15677441153283,0,0.689829935803582,0,0.153395652663588,35516,5,25,1,0,1,0,0,0,0,0,0,0,12633.0614204362
"415",2125690,14466,85,"2.female",0.800159872102318,0,0.199840127897682,0,0,15012,11,121,1,0,0,0,0,0,0,0,1,0,13635.0904271816
"416",2126690,13993,80,"2.female",0.0176817288801572,0,0.982318271119843,0,0,610800,9,81,1,0,0,0,0,0,1,0,0,0,16085.0465898713
"417",2126970,16800,75,"1.male",0.0236339255782769,0,0.52380154207174,0,0.452564532349983,47728,5,25,1,1,1,0,0,0,0,0,0,0,11896.0355717403
"418",2127070,579,69,"2.female",0.61749680715198,0,0.159642401021711,0,0.222860791826309,18792,4,16,1,0,0,0,0,0,0,0,0,0,10191.1423596938
"419",2127650,9584,75,"2.female",0.138638228055783,0,0.861361771944217,0,0,73140,6,36,1,0,0,1,0,0,0,0,0,0,14322.5293928506
"420",2127720,4978,80,"2.female",0.561232765612328,0.0135171668018383,0.0332522303325223,0.40551500405515,0,14796,7,49,1,0,0,0,1,0,0,0,0,0,15210.0564557483
"421",2128190,20378,77,"2.female",1.26049000281611,0.281610813855252,-0.260490002816108,0,0,7102,6,36,1,0,0,1,0,0,0,0,0,0,14054.5171089682
"422",2128860,11040,80,"2.female",0.0225849307268931,0,0.977415069273107,0,0,316140,7,49,1,0,0,0,1,0,0,0,0,0,15207.5511032047
"423",2128880,33283,77,"2.female",0.134010540632438,0,0.865989459367562,0,0,94112,9,81,1,0,0,0,0,0,1,0,0,0,16428.4255857018
"424",2129150,84603,77,"2.female",0.0454236158756383,0,0.938958071645506,0.00464830728537379,0.0109700051934821,322698.11523,6,36,1,0,0,1,0,0,0,0,0,0,14101.8310575467
"425",2129450,20654,70,"2.female",0.525252525252525,0.673400673400673,-0.656565656565657,0,1.13131313131313,29700,5,25,1,0,1,0,0,0,0,0,0,0,13519.349390726
"426",2130150,9181,79,"2.female",0.080553295362083,0,0.919446704637917,0,0,122900,7,49,1,0,0,0,1,0,0,0,0,0,15321.3852282638
"427",2130720,12362,71,"2.female",1,0,0,0,0,8928,6,36,1,0,0,1,0,0,0,0,0,0,14757.3485771741
"428",2131150,6847,84,"2.female",1,0,0,0,0,10116,10,100,1,0,0,0,0,0,0,1,0,0,15007.6140977048
"429",2131990,7947,75,"2.female",0.362570117287098,0,0,0.637429882712902,0,23532,7,49,1,0,0,0,1,0,0,0,0,0,15806.6226322483
"430",2132100,13629,77,"2.female",0.0272889601987475,0,0.972711039801253,0,0,309136,8,64,1,0,0,0,0,1,0,0,0,0,16333.6324937109
"431",2133010,11625,74,"2.female",0.206349206349206,0,0.793650793650794,0,0,75600,6,36,1,0,0,1,0,0,0,0,0,0,14436.0459706605
"432",2133350,18139,78,"2.female",0.0200736429504692,0,0.979926357049531,0,0,606168,8,64,1,0,0,0,0,1,0,0,0,0,16218.1441420609
"433",2134070,3851,72,"1.male",0.489641789479205,0.0236009859967483,0.117008443908323,0.393349766612472,0,19067,5,25,1,1,1,0,0,0,0,0,0,0,11938.8693201579
"434",2134210,7065,77,"1.male",0.922771403353928,0.088261253309797,0.0772285966460724,0,0,9064,6,36,1,1,0,1,0,0,0,0,0,0,13467.3237581515
"435",2134220,10234,71,"2.female",0.113430184609529,0,0.877053860305779,0,0.009515955084692,63052,6,36,1,0,0,1,0,0,0,0,0,0,14792.7341328801
"436",2134280,16288,71,"2.female",0.0676572502496036,0.117460503905562,0.932342749750396,0,0,68108,5,25,1,0,1,0,0,0,0,0,0,0,12647.0876855608
"437",2134390,400,68,"2.female",0.565028273162244,0,0.108742931709439,0.326228795128317,0,18392,4,16,1,0,0,0,0,0,0,0,0,0,10172.7445509615
"438",5000720,23449,63,"2.female",0.394536750211208,0.0281610813855252,-0.0281610813855252,0.633624331174317,0,14204,11,121,1,0,0,0,0,0,0,0,1,0,16225.5757021702
"439",5000800,46639,61,"1.male",0,0,1,0,0,22,11,121,1,1,0,0,0,0,0,0,1,0,15840.3343236423
"440",5001550,12793,60,"2.female",1,0,0,0,0,870,11,121,1,0,0,0,0,0,0,0,1,0,16521.6650375548
"441",5001650,13470,55,"2.female",0,0,0.289351851851852,0,0.710648148148148,17280,8,64,1,0,0,0,0,1,0,0,0,0,19365.0370302951
"442",5001800,56504,60,"2.female",1,0,0,0,0,12000,9,81,1,0,0,0,0,0,1,0,0,0,18367.499763248
"443",5001840,10137,54,"2.female",0,0,0.775384615384615,0.224615384615385,0,325000,8,64,1,0,0,0,0,1,0,0,0,0,19007.2753054203
"444",5003450,11688,57,"2.female",0,0,0.036036036036036,0.585585585585586,0.378378378378378,22200,9,81,1,0,0,0,0,0,1,0,0,0,19034.2540820162
"445",5003810,21874,58,"1.male",0,0,1,0,0,970000,11,121,1,1,0,0,0,0,0,0,1,0,16187.5048989662
"446",5004320,13033,61,"2.female",0.164835164835165,0,0.256410256410256,0.183150183150183,0.395604395604396,54600,10,100,1,0,0,0,0,0,0,1,0,0,17975.3034298813
"447",5004390,16660,66,"1.male",0.0186977854395969,0,0.981302214560403,0,0,754100,12,144,1,1,0,0,0,0,0,0,0,1,13317.00100667
"448",5004520,16404,66,"2.female",0.769230769230769,0,0.00183150183150183,0,0.228937728937729,10920,12,144,1,0,0,0,0,0,0,0,0,1,14046.8539862036
"449",5005030,10846,53,"1.male",0,0,1,0,0,2760000,8,64,1,1,0,0,0,1,0,0,0,0,18513.6857133608
"450",5005180,8758,58,"2.female",0,0,0.539152759948652,0.0449293966623877,0.41591784338896,77900,8,64,1,0,0,0,0,1,0,0,0,0,18819.1099074344
"451",5005210,16295,53,"2.female",0,0,0.968354430379747,0.0316455696202532,0,158000,8,64,1,0,0,0,0,1,0,0,0,0,19113.4521287387
"452",5005400,9398,64,"2.female",0.983899533086459,0,0.0161004669135405,0,0,6211,12,144,1,0,0,0,0,0,0,0,0,1,14115.1894474248
"453",5005410,8624,64,"2.female",0.590163934426229,0,0,0.409836065573771,0,24400,11,121,1,0,0,0,0,0,0,0,1,0,16092.4046069033
"454",5005500,46664,61,"2.female",0.0317302457261079,0,0.862037675583463,0,0.106232078690429,551020,11,121,1,0,0,0,0,0,0,0,1,0,16509.9415848183
"455",5005660,17889,59,"2.female",0,0.276243093922652,-0.270718232044199,1.2707182320442,0,18100,11,121,1,0,0,0,0,0,0,0,1,0,16732.8478283336
"456",5005910,5756,51,"1.male",0,0,1,0,0,8,7,49,1,1,0,0,1,0,0,0,0,0,17966.068626948
"457",5005980,12572,60,"2.female",0,0,1,0,0,12000,10,100,1,0,0,0,0,0,0,1,0,0,17817.5723409976
"458",5006850,8776,63,"1.male",0.797880897217553,0,0.00482279854795427,0,0.197296304234493,22808.33398,11,121,1,1,0,0,0,0,0,0,1,0,15717.4196027472
"459",5006920,34199,55,"1.male",0,0,0.934010152284264,0.065989847715736,0,985000,7,49,1,1,0,0,1,0,0,0,0,0,17506.4392101523
"460",5007470,8702,59,"1.male",0,0,0.571428571428571,0.428571428571429,0,140000,10,100,1,1,0,0,0,0,0,1,0,0,17356.2975424127
"461",5007920,4697,63,"1.male",0.951972555746141,0.0291595197255575,0.0480274442538593,0,0,11660,12,144,1,1,0,0,0,0,0,0,0,1,13633.7527594553
"462",5008150,21004,63,"1.male",0.131562460844506,0,0.54817692018544,0,0.320260618970054,127696,12,144,1,1,0,0,0,0,0,0,0,1,13878.8815861642
"463",5009030,1780,50,"1.male",1,0,0,0,0,4200,7,49,1,1,0,0,1,0,0,0,0,0,18049.198511355
"464",5009310,14124,60,"2.female",0,0.036036036036036,0.00900900900900901,0,0.990990990990991,22200,11,121,1,0,0,0,0,0,0,0,1,0,17230.0245904217
"465",5009530,39192,64,"2.female",0.357093599147389,0,0.000104486657053894,0.522433285269471,0.120368628926086,47853,12,144,1,0,0,0,0,0,0,0,0,1,14243.5459027234
"466",5010250,21200,60,"2.female",0,0,0.963882962511429,0,0.0361170374885706,262480,11,121,1,0,0,0,0,0,0,0,1,0,16578.8872197917
"467",5010300,12286,57,"1.male",0,0,1,0,0,65500,8,64,1,1,0,0,0,1,0,0,0,0,18050.7916129288
"468",5010820,21822,60,"1.male",0,0,1,0,0,558000,10,100,1,1,0,0,0,0,0,1,0,0,17219.3715114919
"469",5011180,9818,61,"2.female",1.17800164083942,0.184457658900949,-0.178001640839416,0,0,10842.59668,10,100,1,0,0,0,0,0,0,1,0,0,17663.4534536628
"470",5011200,7098,59,"2.female",1,0,0,0,0,7908,9,81,1,0,0,0,0,0,1,0,0,0,18483.223288356
"471",5011320,5886,63,"2.female",0.69327325394271,0,0,0.0402317347924043,0.266495011264886,12428,11,121,1,0,0,0,0,0,0,0,1,0,16368.2075788635
"472",5011360,9209,62,"2.female",0.0487914055505819,0,0.0111906893464637,0.940017905102954,0,44680,12,144,1,0,0,0,0,0,0,0,0,1,14423.6201245261
"473",5011590,14106,61,"2.female",1.12729124236253,0.127291242362525,-0.127291242362525,0,0,3928,12,144,1,0,0,0,0,0,0,0,0,1,14457.6863648971
"474",5012490,32546,62,"2.female",0,0.0124069478908189,0.900744416873449,0.0992555831265509,0,403000,11,121,1,0,0,0,0,0,0,0,1,0,16327.7220512224
"475",5013240,38881,60,"2.female",0,0.000342289919561869,0.73985966113298,0.239602943693308,0.0205373951737121,584300,11,121,1,0,0,0,0,0,0,0,1,0,16580.1170776441
"476",5013500,4461,52,"1.male",0.959216965742251,0,0.0407830342577488,0,0,7356,7,49,1,1,0,0,1,0,0,0,0,0,17819.0807287043
"477",5013690,17266,61,"2.female",0,0.0282406099971759,0,0.809564153252377,0.190435846747623,21246,11,121,1,0,0,0,0,0,0,0,1,0,16608.4462899654
"478",5013760,10966,52,"2.female",1,0,0,0,0,11016,7,49,1,0,0,0,1,0,0,0,0,0,18415.9522906447
"479",5014060,14201,59,"2.female",0,0,0.524658971668416,0.419727177334732,0.055613850996852,57180,11,121,1,0,0,0,0,0,0,0,1,0,16728.6707606285
"480",5014230,14775,54,"2.female",0,0,1,0,0,165000,7,49,1,0,0,0,1,0,0,0,0,0,18217.0988811297
"481",5014640,17025,59,"2.female",0.0385940730530668,0,0.961405926946933,0,0,290200,10,100,1,0,0,0,0,0,0,1,0,0,17932.0379447553
"482",5014690,38986,53,"2.female",0,0,1,0,0,600,7,49,1,0,0,0,1,0,0,0,0,0,18332.8224062377
"483",5015180,7514,65,"1.male",0.114622211163639,0,0.414696856597827,0.414696856597827,0.0559840756407066,48228,12,144,1,1,0,0,0,0,0,0,0,1,13488.2901597703
"484",5015190,17239,62,"1.male",0.018265472030996,0.0172968485142007,0.886290517867645,0.0899436122738437,0.00550039782751583,289070,11,121,1,1,0,0,0,0,0,0,1,0,15732.2159689746
"485",5015310,18723,63,"1.male",0,0,1,0,0,10000,12,144,1,1,0,0,0,0,0,0,0,1,13664.7810108945
"486",5015650,21649,54,"1.male",0,0.235294117647059,1,0,0,34000,8,64,1,1,0,0,0,1,0,0,0,0,18397.9621882528
"487",5016250,16602,64,"2.female",0.0658307210031348,0,0.626959247648903,0.00626959247648903,0.300940438871473,127600,12,144,1,0,0,0,0,0,0,0,0,1,14350.6368904704
"488",5016450,7536,58,"2.female",0,0,1,0,0,7000,9,81,1,0,0,0,0,0,1,0,0,0,18631.5404541651
"489",5016760,46245,59,"1.male",0.0412746105795841,0,0.910624390501041,0.0164729448354023,0.0316280540839725,227646,9,81,1,1,0,0,0,0,1,0,0,0,17938.653229991
"490",5017220,20313,55,"2.female",0,0.710537822474858,-0.382597289024923,0,1.38259728902492,9148,7,49,1,0,0,0,1,0,0,0,0,0,19044.1812207265
"491",5017240,12256,62,"2.female",0.11063012628564,0,0.827528967582346,0.0618409061320141,0,122896,10,100,1,0,0,0,0,0,0,1,0,0,17585.5788772621
"492",5017420,4487,63,"1.male",0.0863787375415282,0,0.913621262458472,0,0,180600,12,144,1,1,0,0,0,0,0,0,0,1,13661.9656133589
"493",5019110,15290,57,"1.male",0,0,0.957350272232305,0.0426497277676951,0,1102000,10,100,1,1,0,0,0,0,0,1,0,0,17568.6520760513
"494",5019190,8601,64,"2.female",96,100,-95,0,0,100,12,144,1,0,0,0,0,0,0,0,0,1,11018.2688079909
"495",5019330,22425,61,"2.female",0,0.0218253968253968,0.226190476190476,0.416666666666667,0.357142857142857,100800,11,121,1,0,0,0,0,0,0,0,1,0,16702.6877142659
"496",5019810,13195,53,"1.male",0,0,0.95675736074641,0.022053569590774,0.0211890696628156,1360324,8,64,1,1,0,0,0,1,0,0,0,0,18529.2257812427
"497",5019870,4050,65,"1.male",0.00799760687671016,0,0.99200239312329,0,0,909272,12,144,1,1,0,0,0,0,0,0,0,1,13433.0732895535
"498",5019920,22637,54,"1.male",0.865367665530379,21.8086191843364,0.134632334469621,0,0,3235.61893,7,49,1,1,0,0,1,0,0,0,0,0,17590.6925688595
"499",5019940,28292,63,"1.male",0.0551181102362205,0,0.773085182534001,0,0.171796707229778,279400,11,121,1,1,0,0,0,0,0,0,1,0,15724.2405353731
"500",5020050,3911,55,"2.female",0,0,1,0,0,200,9,81,1,0,0,0,0,0,1,0,0,0,18978.711029489
"501",5020600,6623,55,"2.female",0.804753820033956,0.0169779286926995,0.0254668930390492,0.169779286926995,0,11780,7,49,1,0,0,0,1,0,0,0,0,0,18083.544907234
"502",5021000,6310,58,"1.male",0.944573823940382,0,0.0554261760596181,0,0,8588,10,100,1,1,0,0,0,0,0,1,0,0,17420.0314618748
"503",5021070,7650,60,"2.female",0.964333481943825,0,0.0356665180561748,0,0,8972,11,121,1,0,0,0,0,0,0,0,1,0,16522.8275392294
"504",5021140,13214,66,"2.female",1.43706293706294,0.437062937062937,-0.437062937062937,0,0,5720,12,144,1,0,0,0,0,0,0,0,0,1,13868.9721520408
"505",5021770,33548,61,"2.female",0.0391271632806622,0,0.807624780536744,0.00275896664158515,0.150489089541008,398700,11,121,1,0,0,0,0,0,0,0,1,0,16540.0162499334
"506",5021860,7874,56,"2.female",0,0,0.038961038961039,0.961038961038961,0,38500,8,64,1,0,0,0,0,1,0,0,0,0,18812.2609805772
"507",5021890,12332,66,"2.female",0,0.0950118764845606,0.0498812351543943,0.950118764845606,0,21050,12,144,1,0,0,0,0,0,0,0,0,1,13962.8160285566
"508",5022110,10471,65,"2.female",0.59866220735786,0,0,0,0.40133779264214,17940,12,144,1,0,0,0,0,0,0,0,0,1,14285.6981579143
"509",5022320,15373,53,"2.female",1.03330161750714,0.0378686964795433,-0.0333016175071361,0,0,10510,7,49,1,0,0,0,1,0,0,0,0,0,18299.1433445809
"510",5022660,6540,66,"1.male",0,0,1,0,0,200,12,144,1,1,0,0,0,0,0,0,0,1,13317.6104355706
"511",5023030,32820,62,"2.female",0,0,0.916666666666667,0.0833333333333333,0,240000,12,144,1,0,0,0,0,0,0,0,0,1,14382.8280749717
"512",5023450,18940,59,"1.male",0,0,0.872817955112219,0.127182044887781,0,401000,9,81,1,1,0,0,0,0,1,0,0,0,17923.9081149921
"513",5023470,3110,56,"2.female",0,0,0.036144578313253,0.963855421686747,0,8300,7,49,1,0,0,0,1,0,0,0,0,0,18033.3361813361
"514",5024340,10753,62,"2.female",0.945295404814004,0.328227571115974,-0.328227571115974,0.382932166301969,0,9140,12,144,1,0,0,0,0,0,0,0,0,1,14366.8393635184
"515",5024480,23085,60,"2.female",0.0142982842058953,0.054993400791905,0.868895732512099,0,0.116805983282006,181840,10,100,1,0,0,0,0,0,0,1,0,0,17896.7573869879
"516",5024680,17448,63,"2.female",0.553748512495042,0.793335977786593,-0.297500991669972,0.148750495834986,0.595001983339944,10084,12,144,1,0,0,0,0,0,0,0,0,1,14658.0295707165
"517",5025960,19660,52,"2.female",0,0,1,0,0,15000,7,49,1,0,0,0,1,0,0,0,0,0,18448.5459313457
"518",5026090,7713,63,"1.male",0.094022539922743,0,0.905977460077257,0,0,100444,12,144,1,1,0,0,0,0,0,0,0,1,13661.7164740105
"519",5026820,9891,62,"1.male",0,0,0.881188118811881,0.118811881188119,0,101000,11,121,1,1,0,0,0,0,0,0,1,0,15730.4887209378
"520",5216350,23031,58,"2.female",1.25176233635448,0.251762336354481,-0.251762336354481,0,0,9930,12,144,1,0,0,0,0,0,0,0,0,1,14800.7999741058
"521",5218810,11841,55,"1.male",0,0,1,0,0,113000,10,100,1,1,0,0,0,0,0,1,0,0,17797.9891370318
"522",5219220,20724,53,"2.female",0,0,0.784702117933872,0,0.215297882066128,26252,11,121,1,0,0,0,0,0,0,0,1,0,17511.1369688523
"523",5221410,5628,54,"2.female",1,0,0,0,0,8964,11,121,1,0,0,0,0,0,0,0,1,0,17216.0061882028
"524",5222240,3081,54,"1.male",0,0,1,0,0,10000,12,144,1,1,0,0,0,0,0,0,0,1,14706.2927368664
"525",5227380,15161,56,"2.female",0,5,-5,6,0,2000,11,121,1,0,0,0,0,0,0,0,1,0,17313.9878600667
"526",5235390,24359,56,"2.female",0,0,0.95295124037639,0.0470487596236099,0,1169000,10,100,1,0,0,0,0,0,0,1,0,0,18282.7940618281
"527",5235750,99876,50,"2.female",0,0,0.989911727616646,0.0100882723833544,0,2379000,10,100,1,0,0,0,0,0,0,1,0,0,18975.3066842697
"528",5239990,3195,58,"1.male",0.980392156862745,0,0.0196078431372549,0,0,12240,11,121,1,1,0,0,0,0,0,0,1,0,16155.5503492593
"529",5246290,22684,58,"2.female",0,0,0.955761878754779,0,0.0442381212452212,183100,12,144,1,0,0,0,0,0,0,0,0,1,14871.7658495173
"530",5252200,83860,52,"2.female",0.0102918935133751,0.00122522541825894,0.92599638473716,0.0637117217494648,0,816176.342,10,100,1,0,0,0,0,0,0,1,0,0,18746.1770706005
"531",5253030,28100,52,"1.male",0.487513976891539,0,0,0.512486023108461,0,21464,11,121,1,1,0,0,0,0,0,0,1,0,16891.3101659437
"532",5256410,8937,55,"2.female",0.975202885482417,0.0146528403967538,0.0247971145175834,0,0,8872,12,144,1,0,0,0,0,0,0,0,0,1,15156.984628804
"533",5256930,6247,53,"1.male",0,0.0254615821099649,0.996362631127148,0.00363736887285213,0,137462,10,100,1,1,0,0,0,0,0,1,0,0,18029.6161370287
"534",5263620,8979,55,"2.female",0,0,0,1,0,5000,10,100,1,0,0,0,0,0,0,1,0,0,18445.6624801006
"535",5268700,10885,56,"1.male",1,0,0,0,0,9624,12,144,1,1,0,0,0,0,0,0,0,1,14442.2520459494
"536",5271230,15515,55,"2.female",0,0.53475935828877,-0.411764705882353,0,1.41176470588235,18700,11,121,1,0,0,0,0,0,0,0,1,0,18095.5716995229
"537",5273620,33502,59,"1.male",0,0,1,0,0,532000,12,144,1,1,0,0,0,0,0,0,0,1,14127.6751113265
"538",5277210,6315,55,"2.female",0.221991701244813,0,0.778008298755187,0,0,3856,11,121,1,0,0,0,0,0,0,0,1,0,17125.6407860468
"539",5281710,32334,54,"1.male",0,1.66666666666667,-1.6,0,2.6,12000,12,144,1,1,0,0,0,0,0,0,0,1,16479.2567573304
"540",5290420,26620,55,"1.male",0,0,0.670241286863271,0,0.329758713136729,4476,10,100,1,1,0,0,0,0,0,1,0,0,18022.8546500418
"541",5297130,19290,59,"2.female",0,0,1,0,0,1213198.9251,12,144,1,0,0,0,0,0,0,0,0,1,14725.8759408321
"542",5301210,9989,57,"1.male",0,0.0416666666666667,1,0,0,4800,12,144,1,1,0,0,0,0,0,0,0,1,14359.1221615424
"543",5305240,4334,57,"1.male",1,0,0,0,0,9744,11,121,1,1,0,0,0,0,0,0,1,0,16270.6347833732
"544",5314560,6226,63,"1.male",1.03825554705432,0.637592450905381,-0.548329507778628,0.510073960724305,0,7842,11,121,1,1,0,0,0,0,0,0,1,0,15600.2813861099
"545",5316770,11000,56,"1.male",0,0,1,0,0,200,10,100,1,1,0,0,0,0,0,1,0,0,17682.2656119239
"546",5318580,54088,55,"2.female",0,0,1,0,0,1500,11,121,1,0,0,0,0,0,0,0,1,0,17132.8763037958
"547",5322910,7888,63,"2.female",1,0,0,0,0,4596,12,144,1,0,0,0,0,0,0,0,0,1,14230.3881996991
"548",5327710,3320,52,"1.male",1,0,0,0,0,8088,10,100,1,1,0,0,0,0,0,1,0,0,18112.5660716547
"549",5329010,3415,64,"1.male",0.331682000471809,0,0.0392388141857356,0.629079185342455,0,25434,10,100,1,1,0,0,0,0,0,1,0,0,16776.7888156387
"550",5336680,23101,62,"1.male",1,0,0,0,0,9600,10,100,1,1,0,0,0,0,0,1,0,0,16955.3308205749
"551",5338940,30028,55,"1.male",1.57736720554273,0.577367205542725,-0.577367205542725,0,0,10392,10,100,1,1,0,0,0,0,0,1,0,0,17746.5769970808
"552",5344550,15436,57,"1.male",1.05011468901385,0.0501146890138536,-0.0501146890138536,0,0,19056.28906,10,100,1,1,0,0,0,0,0,1,0,0,17532.3150259473
"553",5354490,11481,53,"2.female",1,0,0,0,0,2052,10,100,1,0,0,0,0,0,0,1,0,0,18595.0433760524
"554",5363920,23561,62,"2.female",0,0.0467914438502674,1,0,0,74800,10,100,1,0,0,0,0,0,0,1,0,0,17586.1252907816
"555",5364160,22642,52,"1.male",0.865911117722277,0.187724435188812,0.134088882277723,0,0,18644.34961,11,121,1,1,0,0,0,0,0,0,1,0,16853.622853764
"556",5368170,8217,57,"2.female",0.149149149149149,0,0.0500500500500501,0.800800800800801,0,9990,12,144,1,0,0,0,0,0,0,0,0,1,14992.0793057488
"557",9006690,6655,64,"2.female",0.951892238614496,0,0,0.0481077613855035,0,9354,12,144,1,0,0,0,0,0,0,0,0,1,14118.6126935583
"558",9007770,14578,57,"2.female",1,0,0,0,0,22092,10,100,1,0,0,0,0,0,0,1,0,0,18132.1492756205
"559",9010000,6800,61,"2.female",0.40625,2.03125,-0.65625,0,1.25,6400,11,121,1,0,0,0,0,0,0,0,1,0,17277.6805349131
"560",9011500,5769,60,"1.male",0,0,1,0,0,4,11,121,1,1,0,0,0,0,0,0,1,0,15956.0578487502
"561",9013620,8815,58,"2.female",0,0,1,0,0,140,10,100,1,0,0,0,0,0,0,1,0,0,18049.0193912135
"562",9014400,5400,55,"2.female",1,0,0,0,0,9600,11,121,1,0,0,0,0,0,0,0,1,0,17100.2826630948
"563",9017850,44778,60,"1.male",0.0704993705413345,0,0.929500629458666,0,0,238300,12,144,1,1,0,0,0,0,0,0,0,1,14009.6537550654
"564",9022090,5403,58,"2.female",0,2.95566502463054,-2.94088669950739,3.94088669950739,0,1015,11,121,1,0,0,0,0,0,0,0,1,0,16980.6712991641
"565",9024060,6017,66,"2.female",0,0.00854700854700855,0.286713286713287,0.396270396270396,0.317016317016317,128700,12,144,1,0,0,0,0,0,0,0,0,1,14151.5921130034
"566",9026870,8089,55,"2.female",0,0,1,0,0,4,10,100,1,0,0,0,0,0,0,1,0,0,18396.1899665375
"567",9028210,10828,56,"2.female",0,0.00554785020804438,0.029126213592233,0,0.970873786407767,43260,12,144,1,0,0,0,0,0,0,0,0,1,15735.0943206609
"568",9028370,19130,58,"1.male",0,0,0.911973764049814,0.0162529977751452,0.0717732381750412,553744,10,100,1,1,0,0,0,0,0,1,0,0,17500.5654725594
"569",9029290,9384,61,"1.male",0,0.333333333333333,-0.333333333333333,1.33333333333333,0,30000,11,121,1,1,0,0,0,0,0,0,1,0,15906.2976750598
"570",9031660,17307,56,"2.female",2.46410684474124,1.669449081803,-1.46410684474124,0,0,5990,12,144,1,0,0,0,0,0,0,0,0,1,14992.7323030096
"571",9032180,10125,54,"2.female",0,0,1,0,0,148000,10,100,1,0,0,0,0,0,0,1,0,0,18511.9134916455
"572",9032240,15850,64,"2.female",0,0,0.827900912646675,0,0.172099087353325,153400,12,144,1,0,0,0,0,0,0,0,0,1,14264.6142729199
"573",9036410,38460,61,"1.male",0.473684210526316,0,0.526315789473684,0,0,13300,11,121,1,1,0,0,0,0,0,0,1,0,15824.8952306786
"574",9039570,5732,63,"2.female",0,0,1,0,0,1095,12,144,1,0,0,0,0,0,0,0,0,1,14262.9818404002
"575",9040670,16575,59,"2.female",0,0.0667378537106247,0.222459512368749,0.444919024737498,0.332621462893753,44952,11,121,1,0,0,0,0,0,0,0,1,0,16918.8111143669
"576",9044400,16496,63,"2.female",1.01684885345607,0.0197254869729596,-0.0168488534560697,0,0,12167,12,144,1,0,0,0,0,0,0,0,0,1,14229.8390342233
"577",9045680,4824,64,"2.female",1,0,0,0,0,6240,12,144,1,0,0,0,0,0,0,0,0,1,14114.6646745911
"578",9049480,8647,55,"2.female",0,0,0,1,0,850,12,144,1,0,0,0,0,0,0,0,0,1,15238.2425548272
"579",9053720,15293,58,"2.female",0,0,1,0,0,200,12,144,1,0,0,0,0,0,0,0,0,1,14841.5994659401
"580",9053830,9088,54,"2.female",0,0,0.00578034682080925,0.994219653179191,0,4325,10,100,1,0,0,0,0,0,0,1,0,0,18561.1000369221
"581",9059000,7386,57,"2.female",0,0,1,0,0,200,11,121,1,0,0,0,0,0,0,0,1,0,16901.4292535799
"582",9064250,10035,64,"1.male",0.981818181818182,0,0.0181818181818182,0,0,22000,12,144,1,1,0,0,0,0,0,0,0,1,13517.0564567346
"583",9067450,5204,55,"2.female",0,0,1,0,0,300,10,100,1,0,0,0,0,0,0,1,0,0,18396.1899665375
"584",9067670,19700,56,"2.female",0,0.00286532951289398,0.484240687679083,0.515759312320917,0,174500,10,100,1,0,0,0,0,0,0,1,0,0,18305.9823510036
"585",9068170,14395,63,"2.female",0.35446247464503,0.0177484787018256,0.134381338742393,0,0.511156186612576,39440,12,144,1,0,0,0,0,0,0,0,0,1,14599.9907438987
"586",9068400,2860,65,"2.female",2.21951219512195,1.21951219512195,-1.21951219512195,0,0,820,12,144,1,0,0,0,0,0,0,0,0,1,13959.1928071648
"587",9069270,12597,65,"2.female",0,0,0.608974358974359,0.352564102564103,0.0384615384615385,93600,12,144,1,0,0,0,0,0,0,0,0,1,14075.2043009394
"588",9070650,37065,54,"2.female",0,0,0.98340503995083,0,0.0165949600491703,650800,12,144,1,0,0,0,0,0,0,0,0,1,15315.8098229444
"589",9071580,5526,60,"2.female",1,0,0,0,0,4440,11,121,1,0,0,0,0,0,0,0,1,0,16521.6650375548
"590",9071710,3842,64,"1.male",1,0,0,0,0,8400,11,121,1,1,0,0,0,0,0,0,1,0,15460.5701076173
"591",9073380,7875,63,"2.female",0.952380952380952,0,0.0476190476190476,0,0,2100,12,144,1,0,0,0,0,0,0,0,0,1,14231.9402778277
"592",9078840,5833,63,"1.male",0.0951694304253785,0.0360490266762797,0.904830569574621,0,0,138700,12,144,1,1,0,0,0,0,0,0,0,1,13661.6790926735
"593",9080280,18038,55,"2.female",0,0,1,0,0,10,11,121,1,0,0,0,0,0,0,0,1,0,17132.8763037958
"594",9089460,5544,61,"2.female",0,0,1,0,0,146,12,144,1,0,0,0,0,0,0,0,0,1,14494.4288906161
"595",9094110,2423,62,"2.female",0.0712830957230143,0,0.0381873727087576,0.0954684317718941,0.795061099796334,15712,12,144,1,0,0,0,0,0,0,0,0,1,14923.2645624182
"596",9098190,9455,55,"1.male",0,0,1,0,0,50,12,144,1,1,0,0,0,0,0,0,0,1,14590.5692117584
"597",9099090,9174,62,"2.female",0,0,1,0,0,1800,11,121,1,0,0,0,0,0,0,0,1,0,16322.8116280399
"598",9102350,7641,62,"1.male",0.824300751879699,0.0421052631578947,-0.0105263157894737,0.186225563909774,0,16625,11,121,1,1,0,0,0,0,0,0,1,0,15706.9568827342
"599",9103120,12060,62,"2.female",0,1.81818181818182,1,0,0,330,11,121,1,0,0,0,0,0,0,0,1,0,16322.8116280399
"600",9103980,3076,57,"1.male",1,0,0,0,0,8880,12,144,1,1,0,0,0,0,0,0,0,1,14326.5285208414
"601",9104980,17248,69,"2.female",0.617283950617284,0,0.320666987333654,0,0.062049062049062,24948,12,144,1,0,0,0,0,0,0,0,0,1,13590.8329871155
"602",9112890,4290,63,"1.male",0.148416800590714,0.0171133214611475,0.200060808756461,0.651522390652825,0,23023,12,144,1,1,0,0,0,0,0,0,0,1,13692.1760173303
"603",9120740,16900,62,"1.male",1,0,0,0,0,19694.66016,10,100,1,1,0,0,0,0,0,1,0,0,16955.3308205749
"604",9121160,3363,61,"1.male",0,0.00732600732600733,0.0231990231990232,0.976800976800977,0,8190,11,121,1,1,0,0,0,0,0,0,1,0,15888.6591232155
"605",9125800,15162,58,"2.female",1,0,0,0,0,9420,12,144,1,0,0,0,0,0,0,0,0,1,14809.005825239
"606",9127220,11612,61,"2.female",0.994226327944573,0,0.00577367205542725,0,0,6928,10,100,1,0,0,0,0,0,0,1,0,0,17669.443360181
"607",9132420,1776,60,"2.female",1,0,0,0,0,9108,10,100,1,0,0,0,0,0,0,1,0,0,17784.9787002965
"608",9132520,9917,64,"2.female",0.148735447611401,0,0.0501806503412284,0.652348454435969,0.148735447611401,19928,12,144,1,0,0,0,0,0,0,0,0,1,14276.1078791527
"609",9137510,12028,56,"2.female",1,0,0,0,0,8088,10,100,1,0,0,0,0,0,0,1,0,0,18247.8728007284
"610",9141100,17496,60,"2.female",0,0,0.222222222222222,0.777777777777778,0,90000,11,121,1,0,0,0,0,0,0,0,1,0,16592.7372999161
"611",9141950,3642,53,"2.female",0.999444752915047,0,0.000555247084952804,0,0,12607,11,121,1,0,0,0,0,0,0,0,1,0,17331.7478108347
"612",9142670,12016,60,"2.female",0,0,0.262605042016807,0,0.737394957983193,3808,11,121,1,0,0,0,0,0,0,0,1,0,17057.0951126312
"613",9147570,18778,59,"2.female",0.807247494217425,0.481881264456438,-0.481881264456438,0.674633770239013,0,10376,11,121,1,0,0,0,0,0,0,0,1,0,16677.0468969288
"614",9148200,5133,61,"2.female",0.448933782267116,0.0272081080161888,-0.0271060776111281,0.578172295344012,0,29403,12,144,1,0,0,0,0,0,0,0,0,1,14508.4001409416
"615",9149240,5859,63,"2.female",0,0.0208816705336427,0.419953596287703,0.580046403712297,0,43100,12,144,1,0,0,0,0,0,0,0,0,1,14291.6781939751
"616",9154750,11270,52,"2.female",0,0,0,1,0,18724,10,100,1,0,0,0,0,0,0,1,0,0,18792.8330554246
"617",9161090,28597,60,"2.female",0,0,1,0,0,5000,11,121,1,0,0,0,0,0,0,0,1,0,16554.2586782559
"618",9161120,22344,62,"2.female",0,0.0487329434697856,0.633528265107212,0.331384015594542,0.0350877192982456,205200,11,121,1,0,0,0,0,0,0,0,1,0,16363.1326681983
"619",9169140,5510,59,"2.female",1,0,0,0,0,4560,11,121,1,0,0,0,0,0,0,0,1,0,16637.3885626628
"620",9170510,7299,61,"2.female",0,0,1,0,0,50,11,121,1,0,0,0,0,0,0,0,1,0,16438.5351531479
"621",9172640,19790,60,"1.male",0,0,0.788778206952633,0.20329335230738,0.0079284407399878,368925,11,121,1,1,0,0,0,0,0,0,1,0,15971.5217588682
"622",9175370,5901,64,"1.male",0.949748743718593,0,0.050251256281407,0,0,3980,12,144,1,1,0,0,0,0,0,0,0,1,13518.1017164775
"623",9175530,15689,50,"2.female",1,0,0,0,0,12000,10,100,1,0,0,0,0,0,0,1,0,0,18942.2139513764
"624",9176720,62650,59,"2.female",0.0956539713709886,0,0.904346028629011,0,0,77404,11,121,1,0,0,0,0,0,0,0,1,0,16666.8644921894
"625",9184470,4021,63,"2.female",1,0,0,0,0,7884,11,121,1,0,0,0,0,0,0,0,1,0,16174.4944622309
"626",9186690,21021,63,"2.female",0.199047693388494,0,0.029271719615955,0.380532355007416,0.391148231988135,102488,12,144,1,0,0,0,0,0,0,0,0,1,14542.0476365642
"627",9189490,30136,57,"2.female",1,0,0,0,0,12864,10,100,1,0,0,0,0,0,0,1,0,0,18132.1492756205
"628",9190560,15980,63,"2.female",0.328884195072991,0,0.0798947386817867,0.399473693408934,0.191747372836288,62582.34375,12,144,1,0,0,0,0,0,0,0,0,1,14402.779579851
"629",9192660,12004,55,"2.female",0,0.0121654501216545,0.693430656934307,0,0.306569343065693,82200,12,144,1,0,0,0,0,0,0,0,0,1,15397.8225085843
"630",9194530,6808,62,"2.female",0,0,0.00133155792276964,0.99866844207723,0,15020,10,100,1,0,0,0,0,0,0,1,0,0,17635.5319288273
"631",9201330,6993,54,"1.male",0.184722529294716,0.0138182622153438,0.815277470705284,0,0,72368,10,100,1,1,0,0,0,0,0,1,0,0,17907.6918823906
"632",9203530,10519,63,"2.female",1.62913907284768,0.662251655629139,-0.629139072847682,0,0,6040,11,121,1,0,0,0,0,0,0,0,1,0,16153.9885293395
"633",9205030,15274,63,"1.male",0.0455531453362256,0.0867678958785249,-0.0433839479392625,0.997830802603037,0,46100,12,144,1,1,0,0,0,0,0,0,0,1,13712.6614659581
"634",9207590,300,48,"2.female",0,0.00845410628019324,-0.00241545893719807,1.0024154589372,0,82800,11,121,1,0,0,0,0,0,0,0,1,0,17992.5329919399
